Location J42 WF22 PAM27 PAM79 WF16 WF33 WF3 WF517 WF196 WF223 WF421 A441 PAM21 Psy087 Psy022 WF12 WF32
pop
Jam 111117 231247 174174 166212 238260 320348 164174 281291 167171 255281 300304 000000 215215 156161 235243 256256 213221
Jam 117117 207303 160210 154216 236236 292316 162168 215261 167199 245289 276284 182184 213217 163163 219227 256260 215247
Jam 117157 183203 178178 156170 236236 288300 168178 000000 167195 261277 296300 182186 000000 156161 235243 256264 000000
Jam 117121 223259 174174 148190 238240 276320 176178 000000 187191 000000 284288 180190 213217 161161 235243 256260 217283
Jam 111159 187267 160178 178210 236240 328336 156176 265275 183191 251269 296296 000000 211217 155161 235267 260264 215215
Jam 115139 223231 160174 168206 234236 316328 156168 251267 167191 261269 284296 000000 215215 155161 243243 260264 000000
Jam 115121 199207 174174 190226 240258 300348 174176 223245 159227 255267 308320 180188 217219 155161 235243 260260 211221
Jam 109125 199203 160180 166206 236286 284300 166170 221303 159183 269277 276292 180180 211215 155161 243243 260264 000000
Jam 111117 175223 176178 144180 234234 284308 168170 267281 167211 257267 276304 180182 000000 000000 235243 260260 211253
Jam 109123 239259 160174 154156 234236 000000 156168 247281 179195 245275 296312 000000 215217 161161 243243 260264 211221
Jam 117141 223227 160174 192208 238250 272312 170170 271295 167199 237257 284292 188190 219219 155161 235243 256260 000000
Jam 133143 251259 160174 200260 238252 296324 166168 245303 179199 269281 000000 178178 217219 161161 235243 256260 273283
Jam 111117 211247 174176 186202 236236 316336 166172 245251 155171 261273 292304 000000 211219 161161 235243 260264 207215
Jam 111127 183243 174180 000000 234250 328344 172174 000000 183235 000000 000000 000000 219219 161161 235243 256260 000000
Jam 119143 175179 160174 152172 240250 288312 168170 259283 183187 259273 288304 178186 225227 156161 235243 260260 000000
Jam 117119 175191 160178 144172 238262 252280 168174 287287 171199 257279 272280 178182 213213 161161 235267 260264 205213
Jam 117141 179215 160174 178216 236260 268296 168168 221247 191195 259269 280288 184186 217219 161161 243243 256260 000000
Jam 123139 215247 160174 178182 228230 324324 168170 245297 183203 259275 276292 184188 000000 161163 235243 260260 205213
Jam 117117 187235 174182 180184 000000 288312 156176 265281 191219 263265 260312 186188 000000 155161 243243 256260 000000
Jam 123125 195203 174206 000000 236238 252256 168174 245277 159167 257293 280288 184190 215217 161161 235243 260264 211221
Jam 117139 175259 160174 182212 238240 292360 156168 271291 195199 269271 284292 188192 215217 161161 243243 256256 211221
Jam 123125 239251 174184 168182 236260 300332 000000 279295 167183 255263 268292 180182 213215 161163 235243 260264 215255
Jam 125143 203203 152164 170214 242286 320332 166168 275281 167215 261269 292300 182190 000000 161163 235243 264264 000000
Jam 117137 227251 162174 172208 252260 276320 172184 251275 167191 257267 296304 000000 211219 155161 243243 256260 000000
Jam 143147 239279 174174 158188 238238 316352 168174 265295 191215 257275 284292 180188 217217 155161 235243 256260 211221
Jam 137139 255263 000000 150154 236238 280352 168168 245253 187195 255281 000000 000000 000000 161161 243243 256260 215283
Jam 119147 171239 160178 168168 236242 308316 168174 247281 159203 257269 288296 186186 000000 155161 000000 260260 211221
Jam 117117 179183 160178 000000 238238 296340 156168 283283 167195 245279 268284 000000 215219 161163 235235 260260 217217
Jam 117133 227235 160160 166178 238240 308344 168178 287317 191215 267275 284304 000000 217219 161161 235235 256260 213215
Jam 109111 243315 160160 174180 236238 268308 174174 251283 171251 000000 280288 182184 215215 157161 243243 256260 221257
Jam 125143 207275 174176 150166 236236 320324 168178 267267 167219 251261 320332 180186 211217 156161 243243 260264 221221
Jam 125143 207275 000000 182194 250264 288324 168174 253317 175191 237279 268292 180186 215217 161163 235311 256260 213221
pop
Mor 119121 199211 174174 182188 236238 296352 156168 271283 159191 251277 280292 180188 000000 156161 235243 260260 217217
Mor 117125 183283 160174 148200 236250 308312 168168 275275 187187 000000 000000 184190 000000 161161 235235 256256 000000
Mor 109143 000000 160174 000000 238256 000000 172174 267275 191243 241263 000000 188188 000000 161161 000000 000000 000000
Mor 117119 207287 000000 180182 236236 256268 166168 263271 175215 259275 268292 000000 000000 156161 235243 260260 285285
Mor 117117 175243 178178 180182 230240 312340 168172 215271 155243 265289 268280 178186 000000 156161 000000 260260 000000
Mor 117129 223239 160160 180184 234238 268340 168168 247247 175195 255275 000000 000000 211211 155161 235243 260264 000000
Mor 117131 183199 174174 166168 240264 300332 172174 281307 167211 245285 292300 184186 213217 155161 235243 260260 000000
Mor 121125 187251 162174 170212 238242 320344 168168 000000 183231 265269 284300 000000 213217 161161 235243 256260 217217
Mor 111117 303307 160180 166182 238240 252320 166168 283283 167183 269275 280304 000000 000000 155161 235243 256260 213217
Mor 143157 231259 160182 158180 238238 316380 166168 271275 171187 000000 280296 000000 000000 161161 227243 256264 000000
Mor 117117 239243 160174 184202 236286 320328 168172 259291 187211 000000 000000 000000 000000 156161 243243 256260 000000
Mor 111111 175231 160176 184194 236256 252320 168172 239295 167251 267281 280296 000000 215219 156161 235247 260260 000000
Mor 117133 263275 160174 158218 238250 316316 168168 247247 167207 259259 292300 000000 211215 156161 243243 256260 000000
Mor 111115 219255 174176 170190 240286 316348 158164 265281 187207 265273 288292 188190 213217 156161 243267 260260 000000
Mor 117143 227255 160184 156188 238250 272316 168172 247291 159231 255277 000000 000000 217219 156161 235235 256264 000000
Mor 115123 235251 000000 180184 236238 316336 162174 263263 167183 000000 268292 000000 211211 161161 243243 256260 000000
Mor 117143 231239 178200 144172 236238 340364 168174 215251 167187 273277 292308 182188 217217 156161 235243 256264 215215
Mor 117117 215223 174178 168168 240258 300312 158170 243299 167175 259273 228296 182184 215219 161163 235243 260260 000000
Mor 117121 227247 160160 182214 240286 296328 156168 000000 167175 269277 288288 188188 217225 161161 235243 260260 215217
Mor 117143 247279 174200 180188 236236 284380 168168 257261 183199 269277 280300 000000 000000 161163 227319 260260 000000
Mor 109117 195235 174176 154168 234238 324376 168168 243277 187211 265277 244304 182186 211217 161163 235243 260264 000000
Mor 133139 243287 170178 180198 238252 316320 166178 000000 159171 261275 284296 182188 217219 161161 235243 260264 215249
Mor 117125 231251 174178 166182 234236 344360 158168 271295 159215 000000 280312 182196 215219 161161 235243 260260 215255
Mor 117125 195227 174178 158206 236258 324332 168174 247279 167183 255287 280296 182184 217217 161163 235267 260260 000000
Mor 117121 207243 160174 166188 256262 300340 156170 279313 167179 255275 284288 180196 217217 155161 243319 256256 000000
Mor 117117 179187 000000 188190 258264 272320 168174 247261 167187 267267 288296 000000 211219 161161 235295 256260 000000
Mor 119139 175243 160174 186188 236250 304360 168170 243261 000000 281281 248292 000000 000000 161163 235243 000000 000000
Mor 111139 227251 178178 192208 234236 272316 168172 261279 167175 253269 284292 000000 211211 161163 227235 264264 000000
Mor 111123 187275 000000 170182 238238 320340 172174 000000 187215 259289 268284 180180 000000 156161 235267 256260 000000
Mor 117125 231263 160174 202220 236238 264272 168170 243271 167171 265269 292320 180182 215217 161161 235235 260264 000000
pop
Mt 117123 195251 000000 000000 236242 000000 000000 000000 187195 000000 000000 182186 211215 155161 000000 000000 000000
Mt 000000 239259 000000 168184 000000 000000 000000 000000 187215 257269 292296 178184 211217 161161 000000 000000 000000
Mt 117139 179179 000000 184194 000000 000000 000000 000000 159195 257269 000000 186190 000000 000000 000000 000000 217217
Mt 117117 239243 000000 180186 238260 280304 168178 245267 167207 000000 292296 182184 217219 156161 227227 000000 215217
Mt 117121 171179 158174 194260 238258 320384 164166 243283 159179 265273 284312 176196 217217 156161 235243 256256 215215
Mt 117117 227231 176178 178182 236242 280328 156168 245271 159167 259267 288300 178188 217217 156161 235235 256260 215291
Mt 117125 223239 160160 150200 236238 272312 166168 247291 183187 269281 000000 182186 217217 156161 000000 256260 211291
Mt 117119 227255 166182 154178 234236 320340 000000 261269 187195 269275 280284 182188 211219 161161 235243 256260 217221
Mt 117139 000000 000000 184212 238258 000000 168172 215243 000000 000000 000000 182190 000000 155161 000000 256260 215221
Mt 121123 179247 178178 180204 236238 292348 168168 245283 159167 275277 000000 000000 000000 161161 243243 260260 215221
Mt 117121 231243 166174 182216 236250 288300 166168 239281 191191 261265 280292 184190 217221 161161 235243 260260 215291
Mt 139148 155259 178202 202240 236236 284296 168174 247255 163223 267281 276292 186190 209227 155161 235243 256260 217251
Mt 121143 183195 174174 000000 236260 268320 168176 000000 187195 255269 000000 180188 213219 155161 235243 260264 221221
Mt 109117 183255 000000 170186 236250 276320 162168 287295 000000 261269 252292 182194 000000 161161 000000 000000 000000
Mt 117147 251259 174178 190216 238258 252332 158162 303317 183227 255279 280296 180188 211211 161163 235335 260264 217217
Mt 115133 179227 160176 188194 238250 300312 162162 261291 179187 261273 272292 186192 211211 157161 235243 256260 217217
Mt 121125 183223 176178 154208 236238 304348 168174 287291 183203 255275 000000 180182 219219 156161 243243 256260 215217
Mt 117119 251267 178188 172184 234238 316328 168174 235275 187187 259259 288304 178186 213217 161161 243243 260264 211217
Mt 117121 191283 000000 158198 238238 288320 162168 243303 000000 261277 264288 180188 000000 156161 243243 000000 181217
Mt 129137 227239 160180 178182 230236 268328 168176 243247 167203 267285 000000 182188 215219 161161 000000 260260 213215
Mt 125139 171259 160174 168190 236240 248320 168172 235275 167191 277289 284292 180190 211217 156161 243243 256260 177217
Mt 117117 207239 160204 180218 250260 296328 168168 247279 167199 257275 000000 180200 217219 156161 235243 256260 215215
Mt 117125 215235 178178 170216 236238 332340 162174 243303 195195 267281 244296 178184 215217 161165 000000 256260 213213
Mt 109143 159231 174174 182220 000000 320360 168168 245287 187195 255269 272276 180182 213219 161161 235243 260264 217221
Mt 109111 187235 000000 188212 234246 320320 168172 215247 167179 263277 288292 184186 213219 156161 243247 256264 215215
Mt 119121 247263 160178 158220 236238 248308 156166 287287 167187 257279 292296 182190 211225 156161 235243 256260 215215
Mt 117137 175239 160174 158172 226238 268332 166172 265287 183187 255279 000000 180182 211215 156161 243243 256256 213289
Mt 117137 199243 160208 144180 236250 260272 156170 247255 167167 255269 280296 186190 211219 161161 235243 260260 177251
Mt 000000 000000 000000 000000 234238 000000 000000 000000 000000 000000 000000 000000 213213 161161 243335 000000 000000
Mt 139143 183183 174178 206212 236236 248360 162174 271283 171195 257269 280296 188192 215217 163165 235243 260260 221221
Mt 111117 191231 160180 156170 236258 000000 158168 243283 191199 263269 292312 180188 219219 156161 235243 260264 215215
Mt 113121 000000 000000 000000 000000 000000 000000 000000 000000 000000 000000 000000 000000 000000 000000 000000 000000
Mt 115139 203227 000000 000000 236238 000000 168168 000000 000000 000000 284296 180184 000000 161161 000000 000000 000000
Mt 117141 000000 000000 000000 236238 000000 000000 000000 000000 000000 292292 000000 000000 000000 000000 234238 000000
Mt 117117 175207 174176 000000 250286 280316 162176 251287 191207 275279 000000 182188 213215 156161 235243 256264 217217
Mt 115153 195243 162164 192208 000000 320336 162162 255291 163199 245283 280292 182188 211217 156161 243319 256260 217217
Mt 117121 239259 000000 000000 236240 324352 162168 000000 000000 267269 284296 180186 211219 000000 235243 260260 215221
Mt 117137 219267 160166 184208 238240 320360 166168 247279 195223 261289 280292 180188 215217 161161 243243 260264 215283
Mt 109117 187203 174176 172198 234264 320344 000000 279279 187191 259277 000000 182182 215219 161161 243243 256260 283291
Mt 117117 183203 000000 168168 240286 252272 174176 247291 187187 257273 268288 182196 217219 161163 000000 260264 213217
Mt 119133 271287 180208 158184 236240 276292 168174 219219 183187 257261 000000 188188 215217 161161 000000 256256 215215
Mt 121121 227251 174180 172182 240286 280340 168170 247275 167199 261289 284300 188190 213215 156161 235243 256260 255283
Mt 115119 235247 000000 166166 230236 000000 162174 255295 167183 265269 272292 180186 000000 156161 000000 000000 217221
Mt 121143 223251 000000 000000 000000 000000 166168 215219 000000 000000 000000 184194 000000 156161 000000 000000 215257
Mt 111137 183243 160160 160182 236236 320348 164172 215219 167183 261261 284292 182184 217219 156161 235267 256260 217283
Mt 117123 211247 000000 000000 238252 252296 168170 235283 191191 265273 296296 180200 000000 161161 235267 256264 213213
Mt 127131 239247 166180 170186 236264 312340 168172 267299 167183 257269 284304 182184 215217 156161 243243 256260 215221
Mt 117127 215235 180180 170214 240252 296324 162166 275287 159243 255267 236292 178190 217219 156161 243243 256260 217283
Mt 111117 251255 174174 182188 236240 000000 168168 243255 167171 000000 000000 182196 211217 156161 235243 260260 215257
Mt 125143 231247 160206 178214 238260 340364 168172 255283 167183 265275 272320 186196 193217 156161 235235 256260 181283
Mt 117137 171267 174174 154180 240264 344344 168198 273283 167251 255293 236288 182184 217217 156161 000000 260264 249251
Mt 115119 227239 174176 168180 236238 272284 168168 000000 183187 263277 300316 182186 000000 156161 243243 260260 283285
Mt 117131 251271 160174 144198 236238 304316 158168 261291 199199 261281 000000 194196 215215 161161 227243 260260 207215
Mt 109123 211243 160188 178180 236238 268336 168168 279283 191211 263281 236288 182190 211211 155161 235243 260260 211283
Mt 117177 211211 178182 000000 230238 280340 168174 263287 167167 261269 000000 188188 000000 155161 243243 260264 217283
Mt 117125 239247 160174 206222 252254 268316 168168 215243 175191 267271 276288 000000 211219 161163 235267 256256 217217
Mt 117131 179195 174174 148180 250260 276348 168168 247295 171187 000000 000000 182196 215215 161161 235243 256260 221283
Mt 117147 235243 160166 182184 234238 320328 158168 265283 183243 267275 000000 184194 211219 161161 235243 260260 257291
Mt 117117 191259 174188 188208 234240 340352 158168 259259 167187 000000 000000 000000 209217 161161 243243 256264 221283
Mt 111137 195243 000000 000000 236240 316324 172176 215261 000000 269275 000000 000000 000000 000000 243243 256256 215215
Mt 117121 191263 000000 190190 236236 320320 166168 247261 000000 263267 292292 184188 000000 161161 243243 000000 217217
Mt 111121 175215 000000 166192 236238 300328 168170 215277 171191 255277 276300 186226 211215 155161 000000 000000 221221
Mt 117161 235263 174180 178216 236238 340348 170174 291291 187243 259269 292332 182182 213217 161161 243243 256256 217217
Mt 117121 251315 160164 182208 236238 300324 168168 263299 191211 269277 292296 188188 213217 155161 243243 260268 211255
Mt 119133 207223 174176 180182 238258 264340 168172 271299 167199 267269 280292 188188 213219 161161 235235 260264 217217
Mt 115119 227259 160212 186186 236260 276356 166168 263265 175183 000000 000000 182188 217217 156161 243243 260260 257285
Mt 111125 247295 180182 150188 238238 316328 168176 251281 159223 255263 284316 186188 215225 161163 227235 256264 215215
Mt 111121 183223 174210 148184 224238 268296 156170 245299 159195 259269 280304 184188 211213 156161 243267 260264 249249
Mt 115117 235239 160174 188212 236250 000000 168174 257317 159187 261285 284296 182186 213217 156161 000000 256260 217217
Mt 119139 183191 174190 154210 238258 000000 000000 245271 159187 275275 276296 176188 217217 156161 000000 260264 215217
Mt 117117 227247 174180 178194 236268 280316 168172 219263 187195 273279 000000 178188 217225 161161 243243 264264 217221
Mt 125125 255259 178182 150168 236260 252320 172178 247283 167171 277281 256288 184188 215217 156161 235243 256260 217251
Mt 121125 223227 174188 190208 238240 252328 166178 291291 159191 261281 292304 182188 211219 156161 243243 256264 213213
Mt 111117 211271 160174 156182 238258 312328 164174 261287 163191 259283 280300 188188 211217 156161 235243 256256 221221
Mt 125135 215243 160182 158192 246266 272344 166168 245271 195207 261317 280292 180186 219219 161161 227235 256260 213221
Mt 117117 223243 160178 158208 234286 284332 168168 243279 159183 273277 268280 000000 215219 161163 243319 264264 213255
Mt 109111 207207 174178 166216 238238 304332 000000 255263 191195 259271 252280 178190 211217 161161 235243 256260 213251
Mt 117137 207207 166174 182182 240244 320344 000000 245263 159179 259275 280304 180186 211219 156161 235243 256260 217217
Mt 117117 183227 160178 182198 240250 252356 000000 215283 243243 273281 252288 184186 211219 156161 235243 268272 215251
Mt 117135 235239 166166 178220 236258 324332 168186 275317 163171 265267 268280 190196 211221 156161 235235 000000 213221
Mt 117117 203247 160182 156212 240258 280320 156170 247249 179203 275283 284296 186188 213217 161161 251259 000000 213217
Mt 137139 183191 176178 182222 234236 296360 000000 245249 183199 289289 280292 188188 000000 161161 235243 000000 217283
Mt 117119 179203 176188 168182 250260 264320 168170 271271 159183 277281 000000 182184 211219 157161 235235 256256 215215
Mt 137143 243247 000000 182210 236260 300332 172174 000000 187251 269283 280308 180182 211215 156161 235243 260260 217221
Mt 117117 183239 160174 182182 236286 280316 168168 279287 167167 275277 272312 000000 215217 161161 235243 260260 211217
Mt 133133 243255 160174 176182 236238 276324 168168 243245 167235 251255 260304 180188 219225 156161 243243 256260 215289
Mt 147157 255259 000000 000000 236236 300312 166168 219275 199243 263265 280304 178190 217225 156161 235243 260260 221249
Mt 119133 195207 000000 156168 236236 332336 168172 235243 187187 261261 268288 180184 217217 157161 235243 260264 221283
Mt 121125 187187 174188 176220 230258 272296 170174 279281 187195 261273 284288 180188 217219 161161 235235 260260 179217
Mt 109117 183195 160180 150150 238238 304332 168168 261291 191195 255257 284288 180182 211217 155161 243243 260260 215249
Mt 117147 207247 166174 186188 238240 288316 168168 219287 183199 245271 280296 182190 211211 156161 000000 264264 215217
Mt 117119 223271 174178 174184 240258 340340 162164 247247 191235 269297 280280 180184 211215 161161 235243 256260 215221
Mt 129139 195247 176178 148158 236236 280328 168172 247291 183199 261273 276280 180182 217219 156161 243243 260264 217217
Mt 111119 219243 160174 166188 250260 316328 168168 221255 179183 267281 000000 158186 211213 161161 243243 260264 217217
Mt 119125 251267 174188 210220 234236 284292 166168 251263 167191 253285 280296 190196 219229 156161 227235 256264 215291
Mt 117133 191247 174188 184218 236238 328352 000000 245257 203247 259269 000000 182190 211219 156161 173235 256260 213215
Mt 109117 223267 174174 156208 234236 300312 000000 261283 167215 273279 280292 190190 217219 156161 235243 256260 221221
Mt 119125 183239 160160 190212 236236 296296 000000 243245 163183 253261 268272 182188 211215 161161 235243 256260 221221
Mt 121139 187211 178178 148214 236240 320344 000000 219267 167187 255273 000000 176180 211215 161161 243243 260260 215283
Mt 117121 215223 160182 166168 236238 332340 156168 251287 215235 261265 000000 182186 217217 161163 227243 260264 215217
Mt 119135 183255 166174 156210 234238 320328 168172 219263 159183 259263 272296 180182 219219 156161 243243 260260 221221
Mt 117139 243251 160174 186190 238260 352360 168172 267291 183199 257263 292296 000000 211211 156161 235243 260260 215215
Mt 133148 231263 184188 156180 238250 332348 000000 281299 000000 253283 280288 184186 219219 156161 235243 260264 217283
Mt 117143 179243 166178 172182 238256 000000 000000 245251 159223 277279 272292 188194 215217 163163 235235 000000 215215
Mt 135147 251259 174208 190214 230238 000000 000000 245291 163191 261281 268280 182186 211217 155161 243243 256260 213213
Mt 111111 195251 166178 174192 234240 340352 168168 251295 175199 265281 268296 180188 211215 155161 235243 260260 215217
Mt 117117 227255 160174 182182 272286 276336 168168 247283 199247 269275 248260 182182 211215 156161 243243 260264 213221
Mt 125131 231247 174174 180194 238264 316352 168170 245245 000000 269277 280288 182190 217217 156161 243243 256260 215221
Mt 117131 227263 166180 188220 236236 276320 168170 279281 171215 000000 280280 178190 211219 161161 235243 260264 215255
Mt 117139 235255 160178 190206 236240 252296 168172 221263 183191 255293 292292 000000 211217 161161 235243 256260 215215
Mt 137143 243247 180184 182210 236260 300332 172174 251263 187251 269283 280308 000000 211215 161161 235243 260260 217221
Mt 115131 159215 160160 182208 234250 280348 168168 287289 191247 267285 260292 182232 217217 155161 235243 256264 249291
Mt 117119 183207 176178 192192 236238 332360 166178 255283 199199 263285 296312 188200 000000 161161 235243 260264 207217
Mt 117121 219243 174178 158168 236238 268300 168170 269271 159195 285297 268276 178200 000000 161161 235243 256260 221221
Mt 109117 227255 178178 150178 230242 280320 168174 271289 159159 267289 296300 188188 209217 161161 000000 256260 215215
Mt 131139 251255 178178 208216 236258 276300 000000 243267 159187 257273 256292 000000 000000 155161 243243 256264 213215
Mt 117135 183195 178178 158170 240254 000000 162168 243247 175199 257269 296300 180188 209217 161161 235243 260260 215251
Mt 117131 195195 160160 180182 236236 280340 168172 251275 167191 241271 000000 178184 211211 161161 000000 260260 215215
Mt 111137 211247 174178 172198 238272 272284 168168 247263 159191 259259 288304 188188 211219 161161 000000 256260 215249
Mt 121139 247255 174184 154166 238250 300320 168174 251289 223243 261267 000000 180190 207215 161161 000000 256260 213217
Mt 115119 207223 166208 180186 238240 272348 168174 243267 159195 285285 000000 182182 219219 161161 235243 256256 215215
Mt 145147 203263 160174 158180 236286 300320 172178 255271 171195 255257 288296 000000 207217 161161 235235 256264 215217
Mt 117143 207267 176178 148178 236250 272316 168172 247283 167187 255263 280292 178186 213219 161161 235243 256260 213221
Mt 125131 255267 160160 182204 236236 252300 168170 251289 183183 000000 296304 180188 211213 161161 000000 280288 213215
Mt 121121 235239 174180 150206 240260 332360 156166 289301 159183 255269 284320 190196 211211 161161 000000 256260 181215
Mt 109117 191235 160166 166204 236280 328364 170170 279291 187187 275281 288296 000000 217219 161161 000000 256260 215215
Mt 111125 203247 164166 186200 238258 272328 168174 275281 159183 259267 000000 188196 215215 161163 235243 260260 215215
Mt 117129 183263 178180 182184 236238 276332 166168 283289 183215 261265 276280 180188 215217 161161 000000 256260 215283
Mt 125135 219259 176182 154188 236236 328340 168168 243247 167211 255275 276284 180190 000000 161161 235243 256260 221251
Mt 109121 219263 178180 178188 236238 276316 166168 281281 159195 255261 292300 182196 211211 161161 235243 260260 221221
Mt 119119 203219 160174 000000 230236 304336 170172 271275 159191 261265 280284 178190 215219 156161 243243 260268 215247
Mt 111117 223263 166174 214216 238260 280304 000000 243243 171199 265281 288292 182190 211211 161161 235243 256264 215221
Mt 109135 239267 160174 182184 230238 280344 170178 245277 167195 261269 260284 188190 213215 156161 243243 000000 215221
Mt 117129 191211 174176 182220 228236 320360 168186 247299 199243 000000 288292 000000 219221 161163 235315 260264 217249
Mt 135139 215247 160162 158220 000000 280284 164174 221263 159167 269271 280320 178182 211215 157161 227235 256260 215251
Mt 133139 183251 174178 000000 236240 284316 168168 261283 187195 255277 280288 000000 215217 156161 243267 260264 215285
Mt 119143 175191 174176 182190 234260 264360 162178 243287 171195 000000 288296 186226 211211 156161 235235 256256 283283
Mt 111125 179215 188192 192210 244286 272364 164176 251299 183187 000000 280284 182226 211219 000000 243243 260260 181217
Mt 111117 223231 174182 130180 236240 300352 000000 243271 171199 265281 000000 000000 213217 161161 243335 256264 213221
Mt 111125 219223 174178 142148 236238 252280 170176 275283 159195 257265 292324 180182 211219 161161 243243 256260 215215
Mt 127137 183251 160188 180180 236260 320320 166168 247279 171199 257257 284292 180188 000000 161161 235243 256260 249249
Mt 111143 243247 160160 188220 236260 320328 168168 255283 167183 273281 280292 186186 213217 161161 235243 260260 177217
Mt 113117 187247 160160 158208 236236 320324 168168 259287 183207 257269 280296 180184 215217 161161 243243 260260 177215
Mt 117119 183195 160174 192216 234258 316332 000000 263275 187215 261313 280284 188190 217219 156161 235243 260260 217221
Mt 111119 219251 160174 160182 238240 312348 174176 271271 179183 277281 280284 180188 211217 161161 235243 256260 217217
Mt 119143 187195 174176 156188 230236 268280 168174 259267 183195 261281 292296 182200 211211 161163 243243 256260 213213
Mt 121141 187187 176176 148182 240260 296300 168180 245271 000000 257269 280304 180186 211215 156161 235243 260260 215253
Mt 117133 183247 174174 158214 256286 268332 168168 245287 159195 257277 280292 184186 217219 156161 235243 260264 217255
Mt 109117 243247 174178 000000 234264 272280 168174 281287 000000 275281 288292 180188 213213 161161 243243 256260 221221
Mt 115121 231247 160174 176206 238244 252280 000000 221247 167195 255269 280292 184186 000000 156161 235243 260260 217217
Mt 119123 239259 000000 166220 228260 320320 168172 243247 163251 255269 264300 000000 213217 161161 235243 256260 217217
Mt 117133 187191 162178 148156 238238 276320 160168 283289 000000 257259 276284 182188 215215 161161 000000 260260 221291
Mt 111125 183203 000000 148192 230238 280360 168176 299301 000000 000000 280292 180200 211211 161161 000000 256260 221221
Mt 117117 231271 174184 192194 238262 252280 168168 263263 187191 261267 288296 180196 217219 161163 000000 256268 249283
Mt 117119 283287 166174 152166 238286 316332 174180 271305 187211 237271 284292 182196 000000 161163 000000 256260 217217
Mt 117139 219267 000000 180192 238250 340344 156184 267279 191199 261285 284292 180188 000000 161161 227235 256256 215257
Mt 115117 219223 160160 162210 238286 320352 162168 267317 163187 293305 308320 190190 217219 161161 235243 260264 215215
pop
Nap 131133 179215 160210 164170 236238 340352 168168 261267 243251 255267 276288 182184 000000 155161 227235 260260 000000
Nap 119131 239259 166166 000000 000000 000000 166168 279291 183215 273281 288312 000000 000000 161161 000000 000000 215291
Nap 117119 191255 174178 176182 226238 272328 168168 000000 000000 277281 236268 186196 211221 155161 235243 256260 000000
Nap 117121 183247 160176 178216 238258 276296 000000 261287 171191 263263 236292 182186 215219 155161 243243 260260 000000
Nap 117117 175211 160174 176186 236262 252268 168176 247263 171207 275279 288300 182226 000000 155161 243243 256264 000000
Nap 109111 191259 176184 170190 238254 316320 170174 257291 159195 273289 288320 000000 215215 155161 235267 260260 000000
Nap 121127 231231 174182 168206 236238 276348 170170 283295 183195 245247 252300 184196 000000 161163 235243 256256 221289
Nap 117125 195247 178212 188210 244258 312316 168178 279307 159215 233275 000000 000000 000000 161163 000000 260264 215283
Nap 117121 211219 160160 182210 236236 288348 162170 263283 183255 265281 268292 000000 000000 161161 243243 260264 000000
Nap 117131 187243 178178 178184 236236 272320 166174 277287 167187 275285 276296 000000 000000 156161 243335 260260 217253
Nap 117125 223235 176180 184206 238240 296340 156168 219279 187191 000000 272288 000000 000000 163163 243243 260260 000000
Nap 115117 195243 174174 168182 240258 252348 168178 279307 159215 233275 276288 000000 000000 161163 231243 256256 000000
Nap 119125 235239 160180 178188 238260 000000 000000 219247 187187 267275 280292 000000 000000 155161 243243 256256 000000
Nap 117131 215235 176188 166198 236240 324324 168176 255303 183215 253257 284336 180188 223225 155161 243243 000000 000000
Nap 111123 179227 176178 186188 236238 316352 168174 263275 183195 261267 284296 180182 219219 161161 235243 260264 209217
Nap 117121 207259 166174 142220 234238 272316 156168 243279 167167 261281 000000 180184 219219 161163 235243 260260 000000
Nap 117127 179239 000000 158214 238260 320320 168170 287291 195251 261271 280296 000000 211217 161161 235243 256260 000000
Nap 119139 255275 000000 178198 236236 272316 168174 000000 000000 257271 276292 180180 000000 161161 235243 000000 000000
Nap 109117 227235 166182 158194 230234 312328 168172 243275 167187 277289 280308 000000 215215 156161 235235 000000 217221
Nap 117131 187267 180180 180182 236238 272320 162170 251267 155187 237269 292304 000000 215217 156161 235243 256264 215215
Nap 121133 227247 174174 176186 260286 280280 168176 247287 195195 271279 268284 190198 000000 156161 235243 260264 215283
Nap 115119 183251 174180 156208 238250 324344 000000 243283 167195 257269 292316 184188 215219 156161 000000 256260 219257
Nap 127143 179223 160160 000000 238260 000000 168172 247261 179191 000000 280292 180188 000000 155161 235243 260264 000000
Nap 117119 207291 160180 156204 238240 304316 000000 247283 187191 255271 232276 184186 217217 155161 235243 256264 000000
Nap 117117 223259 000000 182188 240260 000000 158162 259275 203219 241263 284356 000000 217221 161161 235243 000000 000000
Nap 117137 163279 178184 182192 236236 316324 168168 000000 000000 257261 280288 184188 000000 161163 243315 256260 217283
Nap 117125 163179 160160 148194 236236 296302 162174 283291 191219 259285 292300 000000 215215 161161 235243 260264 221291
Nap 133135 191263 174180 154168 250260 248308 166176 261291 167215 275275 292300 000000 215215 156161 235243 260260 000000
Nap 119139 159231 174178 184224 238240 280360 168168 287291 163187 257269 268316 000000 211211 156161 235243 260264 275283
Nap 109127 211231 172176 178206 228238 268332 168192 271283 167195 261261 292300 000000 000000 156161 235243 260264 000000
Nap 133137 227235 174212 178190 236250 280324 168174 255267 167195 281285 292296 000000 215219 161161 235243 260260 000000
pop
Shin 117137 183247 174174 154216 244260 288344 168170 251275 167243 261273 292296 184188 211219 156161 235243 260260 251283
Shin 117133 203219 160174 168188 250258 000000 168168 215271 159171 261273 000000 180184 215219 156161 235243 256264 215283
Shin 117131 247255 174182 174182 234250 288324 158168 243271 159223 245257 284288 188200 000000 155161 243247 256260 249249
Shin 117135 183187 174178 202204 236238 284364 158168 245281 191195 259259 284288 194196 217219 155161 243243 256260 215291
Shin 117117 247251 176182 176178 236250 340344 168168 259285 167187 261289 000000 182194 215215 155161 243243 256260 213251
Shin 109119 227227 182188 188212 236238 292356 168168 263263 167195 257275 000000 186188 000000 161165 000000 256260 217217
Shin 141143 179231 176178 144182 234236 300336 166168 241291 191195 255265 284308 180188 217219 161161 243243 256260 217285
Shin 123131 219243 166178 156184 234236 276344 156168 291291 187211 253269 000000 000000 211219 155161 000000 260260 215215
Shin 000000 207267 000000 000000 000000 000000 000000 000000 000000 000000 000000 000000 211235 000000 000000 000000 000000
Shin 117157 259315 160180 182198 236236 252284 168188 261271 191191 000000 272304 188188 211215 161163 235243 256260 217217
Shin 117117 211319 160160 184186 238238 312312 168168 263287 183195 255257 300308 178182 211215 161161 243243 256260 211215
Shin 117117 207235 000000 186188 236250 324324 158174 243267 000000 000000 284296 184190 215225 161163 000000 000000 221283
Shin 143147 191247 160178 154188 238264 308352 168170 247275 183191 263275 300300 182184 217217 161161 000000 264264 215217
Shin 119125 247255 000000 168184 236238 320328 164168 243261 000000 000000 276288 182182 000000 156161 000000 000000 217221
Shin 117119 207215 160174 158190 236258 268332 168176 243245 167167 273273 272280 180182 000000 161161 243247 260264 215217
Shin 131139 219235 174178 186212 232250 000000 168172 219287 159191 269275 000000 178196 000000 156161 235319 260260 213215
Shin 109115 207211 176188 180188 236238 304316 168168 245313 187223 000000 000000 184188 211211 161163 243243 264268 215215
Shin 111125 227247 160160 170210 236236 328332 162168 245249 171187 000000 296296 000000 211215 161161 235243 260260 217221
Shin 119137 223227 000000 000000 234236 000000 000000 000000 000000 000000 000000 180188 000000 000000 000000 000000 217221
Shin 117117 211259 174176 180190 240256 280320 164176 245295 187187 261285 280296 182186 211217 161161 235243 256260 213213
Shin 127127 163199 160206 174188 240276 000000 158168 265265 183199 257261 280296 186200 219225 156161 243243 256260 215251
Shin 117139 195195 160174 182212 236236 280344 166170 215275 167243 259267 252280 184192 213219 161161 235235 256260 217217
Shin 111125 211295 160178 150182 234238 340344 172172 265265 167235 253267 000000 178186 215217 161163 000000 260264 221221
Shin 117157 191199 172174 188204 236240 312344 168172 275279 163167 259279 000000 182182 217219 161161 243243 260260 217217
Shin 117129 247251 174182 190192 236240 316336 168168 215251 000000 269273 280288 184188 000000 161161 235243 260260 217217
Shin 139157 243303 162174 178214 228240 296320 168176 243287 187195 265293 288296 184200 209211 161161 000000 256260 213215
Shin 127131 247287 160176 162186 236252 312332 168174 271281 159231 253273 296300 180188 215219 156161 000000 260264 221291
Shin 109117 231231 160184 154212 238260 304332 168168 221259 183191 255261 284296 182188 000000 161161 235243 256256 215283
Shin 117117 231255 156176 154184 234258 316324 156174 279287 187215 251275 280292 178184 215217 161161 243243 256260 213215
Shin 119119 187271 160174 168220 236236 340352 168168 243263 187215 255269 280296 188190 213219 161161 243243 256260 221221
Shin 117121 211247 000000 158158 234240 272336 166178 263299 167187 261267 280296 184188 211215 161161 235235 000000 181215
Shin 117139 243243 174178 156186 236236 300328 158168 261287 159215 255271 284308 184188 211211 161161 235243 260260 221289
Shin 117139 000000 000000 158188 238286 312316 162174 247255 171187 257285 296324 178186 215215 000000 000000 000000 251285
Shin 131143 199243 000000 166166 000000 000000 158164 000000 163163 000000 000000 182186 000000 000000 000000 000000 217283
Shin 135143 215235 000000 188208 234262 000000 168174 000000 000000 000000 288304 186188 217225 156163 000000 256280 283291
Shin 117127 175247 000000 192214 234240 000000 168168 000000 000000 000000 288292 000000 000000 161161 000000 000000 221221
Shin 109111 183223 174174 156156 236236 316332 156166 243299 159251 237261 000000 182182 211219 156161 235235 260260 215249
Shin 117141 251259 174178 182214 236260 000000 164170 215287 000000 261273 000000 000000 217219 161161 235243 260260 213221
Shin 111133 203259 160164 172176 238238 268332 168172 215269 000000 271293 284292 182186 000000 155161 000000 260260 215215
Shin 119125 247247 160188 164220 234236 252276 168168 000000 191211 257275 284300 184188 211215 161163 235243 260264 215217
Shin 121135 227227 178210 158180 234236 332364 000000 243271 183191 000000 000000 182182 211211 156161 000000 256260 213251
Shin 117117 243251 000000 182182 236246 300340 168176 267271 167167 269277 000000 186192 215217 161161 235335 256256 217217
Shin 117117 247251 174174 180186 238238 296296 166168 263263 159203 255265 288296 186196 215215 161161 000000 256260 251251
Shin 111111 231251 174176 160194 238250 268328 168168 275279 167171 255285 280288 000000 207217 161161 000000 256256 213215
Shin 119139 227231 176188 172196 252260 308316 168178 247283 163195 245253 288300 178182 000000 161163 235243 000000 211215
Shin 117121 179263 000000 204222 238238 000000 164174 255259 167183 269281 292308 184186 217219 000000 235243 256256 221255
Shin 117131 251259 160166 000000 238240 312328 168168 275287 195199 281299 324328 184184 000000 161163 243267 256264 217285
Shin 117131 251259 178182 000000 240258 312328 168168 271283 000000 285289 000000 180180 000000 161163 243267 256264 217285
Shin 111117 166219 174182 174220 236236 284320 162174 217247 211243 269273 292328 190190 000000 156161 000000 264264 215215
Shin 117135 183271 160162 000000 236240 296332 162168 283313 167187 255269 288292 184188 000000 161161 000000 256260 217217
Shin 117139 243259 000000 156160 236258 000000 168174 267305 191199 255263 296296 180180 000000 156161 000000 256260 215255
Shin 115133 183191 000000 186208 234236 312328 162172 283301 159167 269277 280280 182226 217217 161161 235243 256264 213217
Shin 117133 163183 174182 154182 236236 276312 158168 243271 191195 265269 000000 180188 213217 156161 000000 260264 179217
Shin 119139 187187 174174 150156 236286 300356 158168 263275 159195 267269 288300 184188 215219 161161 000000 256264 215221
Shin 117137 183243 000000 180212 236254 296328 168168 255271 183199 245279 280328 182186 213217 156161 243243 256264 000000
Shin 109135 183195 160174 182182 236260 312340 156174 247301 179211 275279 276304 182184 211211 161161 000000 260260 217251
Shin 117147 179207 176178 000000 238240 000000 162168 217251 000000 261281 288292 182190 211217 161163 235243 256260 219249
Shin 119119 183191 174188 178208 230236 332340 174194 247279 000000 251259 280292 188188 000000 161163 000000 256264 217291
Shin 117125 183215 174176 180216 264280 272320 156168 283301 187195 269277 268292 182182 215217 161161 235243 256260 221291
Shin 117121 231235 162174 154184 234240 252272 168168 000000 187191 245259 000000 182182 217219 161161 000000 260260 221247
Shin 109111 243251 160178 180208 230238 252364 162168 215253 167187 257261 280292 000000 215219 161161 243243 260264 209217
Shin 111117 215227 174178 182208 234236 300340 172174 247279 187191 257267 296300 182182 211217 161161 235235 260260 215215
Shin 117117 211251 174174 170182 240240 292320 156168 247261 163191 000000 000000 188190 217225 161161 243319 256256 215215
Shin 119119 183247 176210 176254 238260 316348 168168 313313 183187 000000 292300 000000 211213 161161 235243 260260 217217
Shin 117147 179319 178182 170206 238242 268292 168172 253263 167191 000000 296296 180182 000000 161161 235235 264264 215217
Shin 117139 223227 178182 192194 236250 324360 174174 215247 183191 255257 280280 182182 000000 155161 235243 260260 217217
Shin 117145 000000 166174 178204 238252 316340 168168 263275 223251 245277 000000 182182 217219 155161 235243 256260 000000
Shin 131133 207267 166174 182186 230234 300328 174194 261267 187215 257283 288328 180186 215219 155161 235243 256260 217217
Shin 117117 000000 160160 174214 230234 292332 168178 279287 191195 231245 252280 184186 219219 161161 235243 260260 215283
Shin 125139 295311 178178 168182 234236 272372 000000 251251 163175 263265 000000 000000 000000 161163 000000 256256 213219
Shin 131137 175179 000000 166170 000000 000000 168168 000000 000000 267273 000000 188202 211215 000000 000000 000000 000000
Shin 117139 223227 000000 156178 256258 000000 168168 000000 000000 000000 000000 182190 211215 000000 000000 000000 217291
Shin 121133 191199 000000 000000 236240 000000 168168 000000 000000 000000 260296 186188 213217 000000 000000 000000 217217
Shin 119121 251283 174178 192210 236236 316320 158168 267275 187251 253261 000000 184198 211211 156161 000000 256256 215249
Shin 117119 239255 174182 182194 236238 268292 168168 269287 183187 261267 268280 180182 217219 161161 000000 000000 213217
Shin 115117 195227 000000 142186 226236 320348 166174 261265 171183 000000 280300 188196 211211 000000 000000 000000 000000
Shin 117143 231311 174176 210212 236238 308352 168170 283307 000000 241269 292292 186188 000000 161161 000000 260264 213217
Shin 109139 259287 160182 214214 240260 328352 166174 267275 183191 255255 280288 182188 211219 000000 000000 260260 217291
Shin 117131 179187 174174 154186 238238 252324 168168 243247 171195 263265 252284 186190 000000 000000 243247 256264 215217
Shin 117123 247251 000000 178190 246250 284296 164172 215261 179199 259277 000000 184188 215217 156161 243243 260260 215221
Shin 111111 203251 160166 000000 236236 316324 168168 261291 195207 275275 280288 182188 000000 161161 235235 256260 215221
Shin 117117 191247 160174 180208 236236 272328 168178 215275 191207 000000 272288 182188 211215 161161 243335 256260 291291
Shin 115115 195227 174174 188190 236238 328340 162168 263263 167195 257269 272280 180188 217219 161163 000000 256260 000000
Shin 121133 000000 174182 180208 234236 320340 158162 215251 187195 251273 276288 184194 219219 161161 235243 256260 221253
Shin 117121 255259 160178 182182 238240 312368 168178 283299 159183 000000 296304 000000 000000 161163 235267 256260 257291
Shin 117119 219259 174178 166190 236238 296372 168174 000000 171191 255275 288316 180190 211217 161163 243243 256256 217217
Shin 117145 243247 174178 198224 238238 364388 168172 243259 171191 255275 288316 178196 213219 161163 000000 260264 000000
Shin 117143 227227 000000 000000 238286 312320 162174 217271 167199 255261 292312 182186 211217 161161 000000 256260 211215
Shin 111117 183223 160176 176176 236238 312348 168170 263279 199211 243275 268276 000000 000000 161163 000000 256260 221221
Shin 125125 231239 174176 174200 236252 324328 158168 247279 167167 253257 284288 184190 000000 161161 235243 260264 215251
Shin 125133 179183 166166 154198 236256 316352 166168 259289 171191 269277 288300 180186 211211 156161 000000 256260 251251
Shin 111123 183227 176178 188188 236238 260364 000000 251255 159183 269285 268288 180196 000000 161161 235243 260260 217217
Shin 119141 259299 170174 182182 240240 300340 000000 247279 183251 257285 276308 186188 209217 156161 000000 260260 221221
Shin 117139 231267 174178 172182 234260 280320 164168 000000 159199 277289 264292 180188 215225 161161 243243 256264 000000
Shin 117143 243255 000000 158194 236286 332348 168176 247275 167211 261275 000000 184188 000000 161163 243243 260260 221221
Shin 125139 203259 160174 180222 236240 320356 172174 263263 167191 241267 272308 182188 213219 161161 000000 260260 211291
Shin 117121 235255 160174 144144 236238 312324 170174 217251 187223 259269 280308 180188 211211 161163 000000 260260 217221
Shin 000000 000000 160178 000000 236238 000000 000000 000000 000000 000000 000000 190190 000000 161163 000000 000000 000000
Shin 117121 183199 174174 182204 240256 252332 168168 259289 211211 000000 272292 196196 000000 156161 227235 256264 217217
Shin 117133 267271 000000 168168 238246 312328 162170 263267 000000 259269 288304 188188 000000 156161 000000 000000 217221
Shin 123137 195263 176182 180192 240250 256320 168176 271289 000000 269275 304312 188190 211215 161161 251259 264264 215215
Shin 117135 183255 174188 182220 236238 328336 162166 279305 167183 257263 000000 182188 000000 161161 000000 256256 215215
Shin 117125 219223 160164 188222 236238 300328 168176 247301 159187 257263 288292 182196 211211 161161 000000 000000 215285
Shin 119145 231247 174176 166166 254258 264280 162176 265279 203203 269285 288292 180180 211211 157161 000000 260260 211249
Shin 117147 195223 162174 144182 236240 288328 158168 259279 167187 265329 288292 178196 211215 161163 000000 256260 215249
Shin 117121 179255 160174 182192 238260 312340 156174 000000 179211 275279 276304 182186 211217 156161 000000 260264 217251
Shin 117125 179183 178180 180186 258262 320336 172172 251267 167187 245277 284304 190192 000000 161161 000000 260264 211253
Shin 119125 207283 152164 168170 236240 320332 168174 251263 163195 237257 000000 188188 211215 156161 235243 260264 217249
Shin 117119 191207 174178 180188 236250 252320 166176 257271 187187 269275 284292 188188 213225 156161 235243 260264 217291
Shin 117139 191251 174174 182190 258286 000000 000000 251279 163195 245245 000000 178180 000000 155161 235243 260264 221221
Shin 119127 179247 174176 164216 236238 316364 168168 263299 167191 271277 268292 180186 211213 161161 000000 260264 215249
Shin 117137 211271 180180 180188 240250 316344 172176 259289 163223 265271 284292 186188 000000 161161 000000 256260 213253
Shin 117129 179187 000000 000000 242250 316324 156168 000000 000000 000000 292304 182196 211217 161163 000000 256260 221255
Shin 117123 215235 000000 180180 232240 272336 168168 000000 187195 259265 000000 180184 213219 161163 000000 260260 217249
Shin 111121 179263 160174 206220 236238 268340 162168 255271 167191 255273 000000 178196 207213 161161 000000 256260 215215
Shin 117131 163243 166180 166186 236258 276332 168168 247279 159159 255275 276324 182186 000000 161161 000000 256256 215215
Shin 121143 195275 166176 206216 230240 000000 168168 247293 167183 265281 256288 178182 211219 161163 000000 260260 239249
Shin 117117 191271 174174 154170 234238 280320 166168 271301 183195 000000 236292 180180 219219 161161 251251 256264 257257
Shin 119143 179235 178178 180186 238250 272316 168170 000000 167191 000000 288312 180184 211229 161161 000000 260260 215215
Shin 121125 166211 174178 156200 000000 324348 000000 000000 000000 000000 276300 178188 215219 161161 243243 256260 215255
Shin 111125 231283 178180 184206 238260 296348 168184 000000 183191 281281 000000 180186 000000 161163 000000 260264 215255
Shin 117139 179247 176176 144154 238250 268324 168168 271305 167187 261269 276300 182188 000000 156161 227235 256260 000000
Shin 117123 179251 000000 000000 234240 000000 168168 000000 179195 000000 276288 182184 000000 156161 000000 256260 221255
Shin 113117 243247 176178 166210 236238 316316 172174 247263 187243 285285 280304 188190 211213 161161 235243 256260 217217
Shin 117143 191231 160166 170184 236238 332348 168178 000000 159171 255273 268280 180182 219219 155161 227235 256260 217217
