INDV L3 LH
7 -0.0297 -0.0258
9 -0.0373 -0.0302
10 0.0513 0.0791
11 -0.0269 -0.0278
12 -0.0212 -0.0192
13 0.0572 0.0368
14 -0.0386 -0.0264
15 -0.0082 -0.0064
16 -0.0083 -0.0095
17 0.0152 0.0241
18 -0.0199 -0.0115
20 0.0302 0.0146
21 -0.0266 -0.0365
22 -0.0044 -0.0054
23 -0.0081 -0.0141
25 -0.0179 -0.0287
26 0.0223 0.0273
27 0.0425 0.0481
28 -0.0403 -0.0306
31 -0.0305 -0.0156
33 -0.0257 -0.0194
34 -0.0035 -0.0022
35 0.0154 0.0178
36 -0.0241 -0.0115
37 -0.0125 -0.0071
38 -0.032 -0.042
39 -0.0159 -0.0285
40 0.0781 0.0904
43 0.1981 0.1742
44 -0.0065 -0.0077
45 0.0281 0.0488
46 -0.0281 -0.031
47 -0.0197 -0.0215
48 0.001 7e-4
49 -0.0223 -0.0225
51 6e-4 5e-4
52 0.0872 0.103
53 -0.0371 -0.0456
54 -0.0331 -0.0437
55 0.0407 0.0737
56 -0.0226 -0.0237
57 0.0357 0.0301
58 0.0163 0.0319
59 -0.0185 -0.0111
60 -0.0363 -0.0222
61 -0.04 -0.0287
62 -0.034 -0.0496
63 -0.0269 -0.0238
64 -0.0225 -0.0211
65 0.0221 0.0184
67 0.0064 0.0104
68 -0.0046 -0.0056
69 -0.031 -0.0387
70 -0.0094 -0.0174
71 0.0094 0.0051
72 -0.012 -0.019
73 -0.0303 -0.0609
74 -0.0105 -0.0074
75 -0.0211 -0.0421
76 -0.029 -0.0125
77 -0.018 -0.0212
78 0.0037 0.004
79 -0.0329 -0.0464
80 0.0062 0.0081
81 0.0156 0.0086
82 -0.0287 -0.0281
84 -0.0371 -0.0274
85 0.037 0.0319
86 -0.0276 -0.0421
87 0.0263 0.0154
88 -0.026 -0.0238
89 -0.0404 -0.0315
90 -0.0251 -0.0354
91 -0.0415 -0.061
92 0.0704 0.0463
93 -0.0359 -0.0342
94 -0.0132 -0.0164
95 -0.0229 -0.031
96 0.0544 0.0583
97 0.0492 0.1039
98 -0.0191 -0.0306
99 0.0159 0.0151
100 0.0578 0.0455
101 -0.0421 -0.0227
102 -0.029 -0.0405
103 -0.0326 -0.0341
104 -0.0051 -0.0133
105 -0.0372 -0.0738
106 0.0344 0.0362
107 0.0059 0.0065
108 -0.0088 -0.0064
110 0.0795 0.0799
111 -0.0339 -0.0234
112 0.0336 0.0468
114 0.0322 0.05
115 0.397 0.2449
116 0.0094 0.0078
118 0.0299 0.0598
119 -0.0217 -0.0182
120 -0.031 -0.0169
121 -8e-4 -6e-4
124 0.0172 0.0113
125 0.0676 0.0841
127 0.031 0.048
129 0.0281 0.0478
130 -0.0366 -0.0237
131 -0.0072 -0.008
132 0.0113 0.0177
134 0.0168 0.0262
135 0.2628 0.1233
136 0.0566 0.0803
137 0.1488 0.126
140 -0.0037 -0.0034
143 -0.0137 -0.0253
145 -0.0373 -0.0298
146 -0.041 -0.0313
147 0.032 0.0474
148 -0.01 -0.0094
149 -0.0296 -0.0473
151 -0.0178 -0.01
152 -0.026 -0.0215
153 0.099 0.1496
154 -0.0131 -0.019
155 0.029 0.0565
156 0.0339 0.0544
157 0.0329 0.0492
162 -0.0319 -0.0356
163 0.0619 0.136
164 0.0804 0.124
165 -0.0318 -0.0506
166 -0.0109 -0.0109
167 -0.004 -0.0046
168 0.0436 0.0587
169 0.0628 0.0892
170 0.1024 0.2097
171 -0.0267 -0.0311
172 -0.0148 -0.0108
176 -0.0219 -0.0343
178 0.0286 0.016
180 -0.0339 -0.0568
181 0.0435 0.0648
182 0.0556 0.1026
183 0.1449 0.152
184 -0.0073 -0.0122
187 9e-4 0.0011
188 0.0508 0.0585
192 0.0691 0.1112
193 -0.0138 -0.0055
194 -0.0177 -0.0337
195 -0.0184 -0.0272
196 -0.0377 -0.0664
198 -0 -0
199 -0.0374 -0.0579
200 0.0139 0.0164
201 -0.0208 -0.0431
202 -0.0353 -0.0231
203 0.0544 0.0235
204 -0.0258 -0.0356
205 0.0278 0.0258
206 -0.0103 -0.011
207 -0.0337 -0.0098
208 -0.013 -0.0291
210 -0.0211 -0.0281
211 0.0897 0.0687
212 -0.0149 -0.0124
213 -0.0073 -0.0123
214 -0.0336 -0.044
215 0.2083 0.2589
217 0.1182 0.2779
218 -0.0202 -0.0236
219 0.0475 0.0324
220 -0.0196 -0.0193
221 -0.0082 -0.0141
222 0.0651 0.053
223 -0.0215 -0.0192
224 -0.0199 -0.0165
225 0.0354 0.0405
226 -0.0246 -0.0425
227 0.0284 0.0403
228 -0.0201 -0.0161
229 -0.0322 -0.0441
230 -0.0374 -0.0373
231 -0.0176 -0.0133
232 0.0329 0.0293
233 -0.0236 -0.0343
234 -0.0059 -0.0066
235 0.0081 0.0115
236 -0.028 -0.0258
237 -0.0172 -0.011
239 0.0306 0.0307
240 -0.0195 -0.0346
241 0.0309 0.0216
242 -0.0295 -0.0402
243 0.0639 0.1256
245 0.0097 0.0067
246 -0.0086 -0.0068
247 -0.0055 -0.0066
249 0.0404 0.0788
250 -0.0029 -0.0028
251 -0.0043 -0.0063
252 -0.0266 -0.0126
253 -0.0113 -0.0169
254 0.016 0.0283
255 0.0361 0.051
256 -0.0355 -0.046
257 0.0558 0.0926
258 0.0821 0.0483
259 0.0209 0.0177
260 -0.0286 -0.0136
261 0.0945 0.0853
262 0.0322 0.0422
263 -0.0387 -0.0601
264 0.0213 0.0458
265 0.0285 0.0289
266 -0.029 -0.0328
267 0.0224 0.0289
268 0.0417 0.0356
269 0.0051 0.0091
270 -0.0046 -0.0036
271 -0.0367 -0.0335
272 0.017 0.0216
273 0.0021 0.0033
274 0.0718 0.0668
275 -0.0282 -0.0449
276 0.0275 0.0567
277 0.1169 0.2137
278 0.0507 0.0476
279 -0.0179 -0.033
280 -0.0159 -0.0133
281 -0.0421 -0.032
282 -0.0417 -0.0224
283 0.0164 0.0312
284 0.0663 0.1177
285 -0.0089 -0.0119
286 -0.032 -0.0461
287 -0.0418 -0.0257
288 -0.0422 -0.0391
289 -0.0042 -0.0072
290 -0.0147 -0.0311
291 -0.0281 -0.0243
292 0.02 0.023
293 -0.0046 -0.0055
294 0.001 0.0015
295 -0.0371 -0.0659
296 0.01 0.0062
297 0.0294 0.0593
298 -0.0134 -0.0214
299 0.028 0.0317
300 -0.0306 -0.0167
301 -0.0364 -0.0258
302 -0.0112 -0.0187
303 -0.0327 -0.047
304 -0.0161 -0.0095
305 0.0893 0.1021
306 -0.0199 -0.02
307 0.0331 0.0415
308 -0.0153 -0.0179
309 -0.0241 -0.0181
310 -0.0164 -0.0182
311 0.0887 0.1152
312 0.1357 0.2478
313 0.026 0.0285
314 -0.0373 -0.0359
315 0.1032 0.149
316 -0.0304 -0.0252
317 -0.0385 -0.0773
318 0.0109 0.0052
319 0.0101 0.0087
320 0.0308 0.023
321 -0.0126 -0.0161
322 -0.0373 -0.0573
323 -0.0229 -0.0387
324 -0.0231 -0.0342
325 0.002 0.0019
326 -0.0054 -0.0039
327 -0.0012 -0.0011
328 0.0188 0.02
329 -0.0278 -0.0122
330 -0.0273 -0.0269
331 0.0123 0.007
332 -0.008 -0.0129
