INDV L3 LH
7 -0.0287 -0.0265
9 -0.0362 -0.0287
10 0.0485 0.0767
11 -0.0263 -0.0276
12 -0.0197 -0.019
13 0.0607 0.0379
14 -0.037 -0.0217
15 -0.0071 -0.0051
16 -0.0049 -0.0065
17 0.0097 0.016
18 -0.0198 -0.0106
19 0.0027 0.0056
20 0.0324 0.0144
21 -0.0244 -0.0553
22 -0.0042 -0.0048
23 -0.0081 -0.0138
25 -0.015 -0.0238
26 0.0131 0.0147
27 0.0506 0.0528
28 -0.0389 -0.0645
30 -0.0276 -0.0485
31 -0.0294 -0.0134
32 -0.024 -0.0116
33 -0.0235 -0.0167
34 5e-4 3e-4
35 0.0143 0.0163
36 -0.0226 -0.018
37 -0.0087 -0.0045
38 -0.0309 -0.0395
39 -0.0256 -0.0439
40 0.0761 0.0948
43 -0.0224 -0.0244
44 -0.0057 -0.0066
45 0.0244 0.0405
46 -0.0274 -0.031
47 -0.031 -0.0305
48 0.0055 0.0035
49 -0.0218 -0.0204
50 -0.0229 -0.0352
51 0.0021 0.0016
52 0.0855 0.0965
53 -0.0359 -0.0441
54 -0.032 -0.0397
55 0.0344 0.0656
56 -0.0306 -0.031
57 0.0437 0.0336
58 0.0185 0.0344
59 -0.0177 -0.0097
60 -0.0352 -0.0198
61 -0.0388 -0.0342
62 -0.0325 -0.0521
63 -0.0257 -0.0209
64 -0.0219 -0.0218
65 0.0261 0.0209
66 0.0167 0.017
67 0.0053 0.0088
68 -0.0063 -0.0078
69 -0.0301 -0.0389
70 -0.0069 -0.0126
71 0.0076 0.0043
72 -0.0109 -0.0163
73 -0.0291 -0.0569
74 -0.0156 -0.0095
75 -0.0198 -0.0399
76 -0.0274 -0.0102
77 -0.0189 -0.0215
78 0.0104 0.0148
79 -0.0313 -0.0477
80 0.0099 0.0129
81 0.0172 0.0134
82 -0.0269 -0.0304
84 -0.0359 -0.0259
85 0.0436 0.0512
86 -0.0268 -0.0413
87 0.0329 0.0208
88 -0.0253 -0.024
89 -0.0391 -0.0298
90 -0.0237 -0.0345
91 -0.0401 -0.0636
92 0.0803 0.0649
93 -0.0348 -0.0371
94 -0.0109 -0.0126
95 -0.0207 -0.0259
96 0.0686 0.0708
97 0.0426 0.0949
98 -0.0163 -0.024
99 0.0202 0.0192
100 0.047 0.0348
101 -0.0408 -0.0199
102 -0.0274 -0.0384
103 -0.031 -0.044
104 -0.0122 -0.0307
105 -0.0359 -0.0686
106 -0.0395 -0.0432
107 0.0116 0.0128
108 -0.0059 -0.0039
110 0.0717 0.0697
111 -0.0324 -0.0221
112 0.035 0.048
114 0.0217 0.0313
115 0.3828 0.2088
116 0.015 0.0107
118 0.0227 0.0429
119 -0.0207 -0.0213
120 -0.0408 -0.0327
121 0.0032 0.002
124 0.0082 0.0045
125 0.0604 0.0722
127 0.0362 0.0541
129 0.0356 0.0562
130 -0.035 -0.0275
131 -0.017 -0.0173
132 0.019 0.0268
134 -0.0099 -0.0158
135 0.2866 0.1236
136 0.0504 0.0682
137 0.1499 0.11
140 -0.0128 -0.0109
143 -0.0238 -0.0406
145 -0.0359 -0.0256
146 -0.0397 -0.0275
147 0.0312 0.0463
148 -0.0082 -0.0074
149 -0.0279 -0.0407
151 -0.0164 -0.0086
152 -0.0244 -0.0179
153 0.1243 0.1809
154 -0.011 -0.0151
155 0.013 0.0256
156 0.0473 0.0877
157 0.0327 0.0621
162 -0.0299 -0.0327
163 0.0673 0.1364
164 0.0929 0.141
165 -0.0299 -0.0446
166 -0.0197 -0.0182
167 0.0012 0.0015
168 0.0537 0.0742
169 -0.0195 -0.0297
170 0.1073 0.2241
171 -0.0244 -0.0327
172 -0.0132 -0.0091
176 -0.034 -0.0508
178 0.0123 0.0063
180 -0.0324 -0.0537
181 0.0382 0.0587
182 0.0699 0.1285
183 0.154 0.146
184 -0.0039 -0.0076
187 0.0074 0.0103
188 0.0225 0.024
192 0.0665 0.1002
193 -0.0219 -0.0073
194 -0.0155 -0.0293
195 -0.0152 -0.0252
196 -0.0363 -0.0593
198 0.0038 0.0069
199 -0.036 -0.0543
200 0.0149 0.0174
201 -0.0187 -0.049
202 -0.0337 -0.0215
203 0.0689 0.0258
204 -0.0237 -0.0393
205 0.0324 0.0377
206 -0.0082 -0.0083
207 -0.032 -0.008
208 -0.0347 -0.0787
210 -0.0194 -0.0285
211 0.111 0.0715
212 -0.025 -0.0252
213 -0.0041 -0.0068
214 -0.0319 -0.0467
215 0.1139 0.1641
217 0.1182 0.2703
218 -0.0374 -0.0409
219 0.0476 0.0277
220 -0.0175 -0.0182
221 -0.0172 -0.0295
222 0.0624 0.0587
223 -0.0298 -0.025
224 -0.0299 -0.0226
225 0.0198 0.0231
226 -0.0222 -0.0396
227 0.0345 0.0485
228 -0.0177 -0.0166
229 -0.0304 -0.0416
230 -0.036 -0.0365
231 -0.0266 -0.017
232 0.0073 0.0057
233 -0.0219 -0.0288
234 -0.0144 -0.0157
235 0.0072 0.0094
236 -0.0266 -0.0252
237 -0.0156 -0.0137
239 0.0111 0.0104
240 -0.0281 -0.0508
241 -0.0408 -0.0256
242 -0.0409 -0.0528
243 0.0645 0.1216
245 0.0119 0.007
246 -0.0074 -0.005
247 -0.0047 -0.0062
249 0.0223 0.0432
250 -0.0028 -0.0035
251 -0.0192 -0.0282
252 -0.0244 -0.01
253 -0.0101 -0.0168
254 0.0227 0.0388
255 0.0446 0.0642
256 -0.034 -0.0393
257 0.0522 0.0803
258 0.0908 0.0494
259 0.0217 0.0171
260 -0.0271 -0.0185
261 0.1053 0.1081
262 0.0197 0.0257
263 -0.0371 -0.0546
264 0.0234 0.0569
265 0.0363 0.0389
266 -0.0268 -0.0299
267 0.0294 0.0359
268 0.053 0.0861
269 0.0084 0.0204
270 -0.0012 -0.0014
271 -0.035 -0.0276
272 0.0036 0.0057
273 -0.0251 -0.0422
274 0.08 0.0771
275 -0.0267 -0.0477
276 0.0066 0.0131
277 0.1353 0.2457
278 0.0528 0.0461
279 -0.0272 -0.046
280 -0.026 -0.0191
281 -0.0408 -0.0378
282 -0.0403 -0.0196
283 0.0019 0.0034
284 0.0487 0.0855
285 -0.0055 -0.0065
286 -0.0301 -0.0398
287 -0.0407 -0.0222
288 -0.0409 -0.0377
289 -0.0183 -0.0309
290 -0.0234 -0.0472
291 -0.0257 -0.0197
292 0.0066 0.0075
293 -0.0358 -0.0406
294 0.005 0.007
295 -0.0356 -0.0759
296 0.0125 0.0081
297 0.0424 0.0813
298 -0.01 -0.0176
299 -0.0126 -0.0144
300 -0.0288 -0.015
301 -0.0349 -0.0221
302 -0.0201 -0.0312
303 -0.0309 -0.0421
304 -0.0131 -0.0069
305 0.1007 0.1458
306 -0.0357 -0.0316
307 0.0271 0.0323
308 -0.0122 -0.0151
309 -0.0324 -0.0297
310 -0.0135 -0.0164
311 0.0849 0.1308
312 0.0636 0.1324
313 0.0326 0.033
314 -0.0358 -0.0398
315 0.0802 0.1107
316 -0.0286 -0.0298
317 -0.0372 -0.073
318 0.0166 0.0067
319 0.0137 0.0165
320 0.0271 0.026
321 -0.0204 -0.0261
322 -0.0359 -0.0549
323 -0.0209 -0.0411
324 -0.0334 -0.0447
325 -0.0081 -0.0081
326 -0.0019 -0.0013
327 -0.0212 -0.0244
328 0.0178 0.0193
329 -0.0383 -0.0199
330 -0.0258 -0.0293
331 0.0062 0.003
332 -0.007 -0.0112
S1 0.0267 0.0312
S100 -0.0277 -0.0193
S101 -0.0282 -0.0133
S11 0.0231 0.0317
S12 0.1303 0.0891
S13 0.0188 0.0243
S14 0.0261 0.0342
S15 0.0201 0.0207
S19 0.0178 0.0085
S20 -0.0334 -0.0386
S21 -0.028 -0.0501
S22 0.0126 0.0131
S25 0.1138 0.2532
S26 0.1476 0.1762
S27 0.019 0.0227
S28 -0.0374 -0.0229
S29 -0.0161 -0.0195
S30 -0.0076 -0.0041
S31 -0.011 -0.0184
S36 0.021 0.0109
S38 0.1438 0.1553
S4 -0.0209 -0.014
S40 -0.036 -0.0481
S41 0.0125 0.0133
S42 -0.0082 -0.0114
S44 -0.0241 -0.0315
S45 -0.0223 -0.0286
S46 0.2419 0.1829
S47 -0.0301 -0.0472
S51 0.054 0.077
S52 -0.0397 -0.0261
S53 -0.0297 -0.034
S55 0.0033 0.0047
S58 -0.0417 -0.0692
S6 0.0019 0.0023
S60 -0.0453 -0.0626
S61 -0.0272 -0.0221
S62 -0.0087 -0.0147
S64 0.0123 0.0117
S66 -0.0242 -0.024
S67 0.0999 0.1596
S68 -0.0301 -0.0346
S69 0.0201 0.024
S75 0.0216 0.019
S76 -0.0077 -0.0135
S79 -0.0358 -0.0475
S80 0.0134 0.0151
S82 -0.0289 -0.0153
S83 0.3889 0.3704
S85 -0.0092 -0.0099
S90 0.0189 0.0182
S93 -0.0024 -0.0034
S95 0.071 0.0785
S97 -0.0285 -0.0503
