Ind Pop J42 WF22 PAM27 PAM79 WF27 WF16 WF33 WF3 WF517 WF196 WF223 WF421 A441 PAM21 Psy087 Psy022 WF06 WF12 WF01 WF32
10 Atl_Nap_6_2016 117 183 160 178 269 238 276 -9 261 171 263 236 182 215 155 243 260 260 -9 -9
10 Atl_Nap_6_2016 121 247 176 216 289 258 296 -9 287 191 263 292 186 219 161 243 260 260 -9 -9
100 Atl_Jam_6_2016 125 207 174 150 313 236 320 168 267 167 251 320 180 211 156 243 268 260 270 221
100 Atl_Jam_6_2016 143 275 176 166 317 236 324 178 267 219 261 332 186 217 161 243 268 264 290 221
101 Atl_Jam_6_2016 125 207 -9 182 313 250 288 168 253 175 237 268 180 215 161 235 248 256 -9 213
101 Atl_Jam_6_2016 143 275 -9 194 317 264 324 174 317 191 279 292 186 217 163 311 268 260 -9 221
102 Atl_Shin_1_2016 117 183 174 154 281 244 288 168 251 167 261 292 184 211 156 235 256 260 250 251
102 Atl_Shin_1_2016 137 247 174 216 337 260 344 170 275 243 273 296 188 219 161 243 256 260 286 283
103 Atl_Shin_2_2016 109 243 160 180 233 230 252 162 215 167 257 280 -9 215 161 243 244 260 -9 209
103 Atl_Shin_2_2016 111 251 178 208 245 238 364 168 253 187 261 292 -9 219 161 243 244 264 -9 217
104 Atl_Shin_2_2016 111 215 174 182 293 234 300 172 247 187 257 296 182 211 161 235 -9 260 -9 215
104 Atl_Shin_2_2016 117 227 178 208 333 236 340 174 279 191 267 300 182 217 161 235 -9 260 -9 215
105 Atl_Shin_1_2016 117 203 160 168 293 250 -9 168 215 159 261 -9 180 215 156 235 248 256 -9 215
105 Atl_Shin_1_2016 133 219 174 188 305 258 -9 168 271 171 273 -9 184 219 161 243 256 264 -9 283
106 Atl_Shin_1_2016 117 247 174 174 269 234 288 158 243 159 245 284 188 -9 155 243 256 256 -9 249
106 Atl_Shin_1_2016 131 255 182 182 317 250 324 168 271 223 257 288 200 -9 161 247 260 260 -9 249
107 Atl_Shin_1_2016 117 183 174 202 265 236 284 158 245 191 259 284 194 217 155 243 256 256 -9 215
107 Atl_Shin_1_2016 135 187 178 204 277 238 364 168 281 195 259 288 196 219 161 243 260 260 -9 291
108 Atl_Shin_1_2016 117 247 176 176 333 236 340 168 259 167 261 -9 182 215 155 243 264 256 278 213
108 Atl_Shin_1_2016 117 251 182 178 337 250 344 168 285 187 289 -9 194 215 161 243 264 260 290 251
11 Atl_Nap_6_2016 117 175 160 176 245 236 252 168 247 171 275 288 182 -9 155 243 -9 256 270 -9
11 Atl_Nap_6_2016 117 211 174 186 261 262 268 176 263 207 279 300 226 -9 161 243 -9 264 290 -9
110 Atl_Shin_1_2016 109 227 182 188 273 236 292 168 263 167 257 -9 186 -9 161 -9 244 256 -9 217
110 Atl_Shin_1_2016 119 227 188 212 349 238 356 168 263 195 275 -9 188 -9 165 -9 248 260 -9 217
111 Atl_Shin_1_2016 141 179 176 144 293 234 300 166 241 191 255 284 180 217 161 243 252 256 -9 217
111 Atl_Shin_1_2016 143 231 178 182 329 236 336 168 291 195 265 308 188 219 161 243 252 260 -9 285
112 Atl_Shin_1_2016 123 219 166 156 269 234 276 156 291 187 253 -9 -9 211 155 -9 244 260 278 215
112 Atl_Shin_1_2016 131 243 178 184 337 236 344 168 291 211 269 -9 -9 219 161 -9 264 260 286 215
114 Atl_Shin_2_2016 117 211 174 170 -9 240 292 156 247 163 -9 -9 188 217 161 243 256 256 -9 215
114 Atl_Shin_2_2016 117 251 174 182 -9 240 320 168 261 191 -9 -9 190 225 161 319 264 256 -9 215
115 Atl_Shin_2_2016 119 183 176 176 309 238 316 168 313 183 -9 292 -9 211 161 235 264 260 -9 217
115 Atl_Shin_2_2016 119 247 210 254 341 260 348 168 313 187 -9 300 -9 213 161 243 268 260 -9 217
116 Atl_Shin_2_2016 117 179 178 170 265 238 268 168 253 167 -9 296 180 -9 161 235 256 264 290 215
116 Atl_Shin_2_2016 147 319 182 206 285 242 292 172 263 191 -9 296 182 -9 161 235 256 264 306 217
118 Atl_Shin_2_2016 117 223 178 192 317 236 324 174 215 183 255 280 182 -9 155 235 244 260 -9 217
118 Atl_Shin_2_2016 139 227 182 194 353 250 360 174 247 191 257 280 182 -9 161 243 244 260 -9 217
119 Atl_Shin_2_2016 117 -9 166 178 309 238 316 168 263 223 245 -9 182 217 155 235 248 256 270 219
119 Atl_Shin_2_2016 145 -9 174 204 333 252 340 168 275 251 277 -9 182 219 161 243 260 260 278 219
12 Atl_Nap_6_2016 109 191 176 170 309 238 316 170 257 159 273 288 -9 215 155 235 260 260 -9 -9
12 Atl_Nap_6_2016 111 259 184 190 313 254 320 174 291 195 289 320 -9 215 161 267 260 260 -9 -9
120 Atl_Shin_2_2016 131 207 166 182 297 230 300 174 261 187 257 288 180 215 155 235 256 256 270 217
120 Atl_Shin_2_2016 133 267 174 186 321 234 328 194 267 215 283 328 186 219 161 243 256 260 290 217
121 Atl_Shin_2_2016 117 -9 160 174 285 230 292 168 279 191 231 252 184 219 161 235 244 260 -9 215
121 Atl_Shin_2_2016 117 -9 160 214 325 234 332 178 287 195 245 280 186 219 161 243 256 260 -9 283
122 Atl_Shin_2_2016 125 295 178 168 265 234 272 -9 251 163 263 -9 -9 -9 161 -9 256 256 -9 213
122 Atl_Shin_2_2016 139 311 178 182 365 236 372 -9 251 175 265 -9 -9 -9 163 -9 260 256 -9 219
123 Atl_Shin_1_2016 -9 207 -9 -9 -9 -9 -9 -9 -9 -9 -9 -9 -9 211 -9 -9 -9 -9 -9 -9
123 Atl_Shin_1_2016 -9 267 -9 -9 -9 -9 -9 -9 -9 -9 -9 -9 -9 235 -9 -9 -9 -9 -9 -9
124 Atl_Shin_1_2016 117 259 160 182 245 236 252 168 261 191 -9 272 188 211 161 235 256 256 -9 217
124 Atl_Shin_1_2016 157 315 180 198 277 236 284 188 271 191 -9 304 188 215 163 243 256 260 -9 217
125 Atl_Shin_1_2016 117 211 160 184 -9 238 312 168 263 183 255 300 178 211 161 243 256 256 -9 211
125 Atl_Shin_1_2016 117 319 160 186 -9 238 312 168 287 195 257 308 182 215 161 243 256 260 -9 215
126 Atl_Shin_1_2016 117 207 -9 186 317 236 324 158 243 -9 -9 284 184 215 161 -9 256 -9 -9 221
126 Atl_Shin_1_2016 117 235 -9 188 317 250 324 174 267 -9 -9 296 190 225 163 -9 256 -9 -9 283
127 Atl_Shin_1_2016 143 191 160 154 301 238 308 168 247 183 263 300 182 217 161 -9 256 264 274 215
127 Atl_Shin_1_2016 147 247 178 188 345 264 352 170 275 191 275 300 184 217 161 -9 256 264 274 217
128 Atl_Shin_1_2016 119 247 -9 168 313 236 320 164 243 -9 -9 276 182 -9 156 -9 -9 -9 -9 217
128 Atl_Shin_1_2016 125 255 -9 184 321 238 328 168 261 -9 -9 288 182 -9 161 -9 -9 -9 -9 221
129 Atl_Shin_1_2016 117 207 160 158 265 236 268 168 243 167 273 272 180 -9 161 243 248 260 -9 215
129 Atl_Shin_1_2016 119 215 174 190 325 258 332 176 245 167 273 280 182 -9 161 247 248 264 -9 217
13 Atl_Nap_6_2016 121 231 174 168 269 236 276 170 283 183 245 252 184 -9 161 235 256 256 286 221
13 Atl_Nap_6_2016 127 231 182 206 341 238 348 170 295 195 247 300 196 -9 163 243 256 256 286 289
130 Atl_Shin_1_2016 131 219 174 186 309 232 -9 168 219 159 269 -9 178 -9 156 235 256 260 306 213
130 Atl_Shin_1_2016 139 235 178 212 357 250 -9 172 287 191 275 -9 196 -9 161 319 256 260 306 215
131 Atl_Shin_1_2016 109 207 176 180 309 236 304 168 245 187 -9 -9 184 211 161 243 256 264 258 215
131 Atl_Shin_1_2016 115 211 188 188 313 238 316 168 313 223 -9 -9 188 211 163 243 260 268 270 215
132 Atl_Shin_1_2016 111 227 160 170 321 236 328 162 245 171 -9 296 -9 211 161 235 256 260 250 217
132 Atl_Shin_1_2016 125 247 160 210 325 236 332 168 249 187 -9 296 -9 215 161 243 256 260 282 221
133 Atl_Shin_1_2016 119 223 -9 -9 -9 234 -9 -9 -9 -9 -9 -9 180 -9 -9 -9 -9 -9 -9 217
133 Atl_Shin_1_2016 137 227 -9 -9 -9 236 -9 -9 -9 -9 -9 -9 188 -9 -9 -9 -9 -9 -9 221
134 Atl_Shin_1_2016 117 211 174 180 273 240 280 164 245 187 261 280 182 211 161 235 256 256 266 213
134 Atl_Shin_1_2016 117 259 176 190 313 256 320 176 295 187 285 296 186 217 161 243 256 260 266 213
135 Atl_Shin_1_2016 127 163 160 174 -9 240 -9 158 265 183 257 280 186 219 156 243 260 256 -9 215
135 Atl_Shin_1_2016 127 199 206 188 -9 276 -9 168 265 199 261 296 200 225 161 243 260 260 -9 251
136 Atl_Shin_1_2016 117 195 160 182 273 236 280 166 215 167 259 252 184 213 161 235 256 256 -9 217
136 Atl_Shin_1_2016 139 195 174 212 337 236 344 170 275 243 267 280 192 219 161 235 256 260 -9 217
137 Atl_Shin_1_2016 111 211 160 150 333 234 340 172 265 167 253 -9 178 215 161 -9 264 260 270 221
137 Atl_Shin_1_2016 125 295 178 182 337 238 344 172 265 235 267 -9 186 217 163 -9 268 264 286 221
138 Atl_Shin_2_2016 131 175 -9 166 -9 -9 -9 168 -9 -9 267 -9 188 211 -9 -9 -9 -9 -9 -9
138 Atl_Shin_2_2016 137 179 -9 170 -9 -9 -9 168 -9 -9 273 -9 202 215 -9 -9 -9 -9 -9 -9
14 Atl_Nap_6_2016 117 195 178 188 305 244 312 168 279 159 233 -9 -9 -9 161 -9 252 260 246 215
14 Atl_Nap_6_2016 125 247 212 210 309 258 316 178 307 215 275 -9 -9 -9 163 -9 256 264 290 283
140 Atl_Shin_1_2016 117 191 172 188 305 236 312 168 275 163 259 -9 182 217 161 243 244 260 -9 217
140 Atl_Shin_1_2016 157 199 174 204 337 240 344 172 279 167 279 -9 182 219 161 243 244 260 -9 217
141 Atl_Shin_2_2016 117 223 -9 156 -9 256 -9 168 -9 -9 -9 -9 182 211 -9 -9 -9 -9 -9 217
141 Atl_Shin_2_2016 139 227 -9 178 -9 258 -9 168 -9 -9 -9 -9 190 215 -9 -9 -9 -9 -9 291
142 Atl_Shin_2_2016 121 191 -9 -9 -9 236 -9 168 -9 -9 -9 260 186 213 -9 -9 -9 -9 -9 217
142 Atl_Shin_2_2016 133 199 -9 -9 -9 240 -9 168 -9 -9 -9 296 188 217 -9 -9 -9 -9 -9 217
143 Atl_Shin_1_2016 117 247 174 190 309 236 316 168 215 -9 269 280 184 -9 161 235 252 260 -9 217
143 Atl_Shin_1_2016 129 251 182 192 329 240 336 168 251 -9 273 288 188 -9 161 243 260 260 -9 217
145 Atl_Shin_1_2016 139 243 162 178 289 228 296 168 243 187 265 288 184 209 161 -9 256 256 290 213
145 Atl_Shin_1_2016 157 303 174 214 313 240 320 176 287 195 293 296 200 211 161 -9 256 260 290 215
146 Atl_Shin_1_2016 127 247 160 162 305 236 312 168 271 159 253 296 180 215 156 -9 260 260 270 221
146 Atl_Shin_1_2016 131 287 176 186 325 252 332 174 281 231 273 300 188 219 161 -9 260 264 290 291
147 Atl_Shin_1_2016 109 231 160 154 297 238 304 168 221 183 255 284 182 -9 161 235 256 256 -9 215
147 Atl_Shin_1_2016 117 231 184 212 325 260 332 168 259 191 261 296 188 -9 161 243 260 256 -9 283
148 Atl_Shin_2_2016 119 251 174 192 309 236 316 158 267 187 253 -9 184 211 156 -9 256 256 -9 215
148 Atl_Shin_2_2016 121 283 178 210 313 236 320 168 275 251 261 -9 198 211 161 -9 256 256 -9 249
149 Atl_Shin_2_2016 117 239 174 182 261 236 268 168 269 183 261 268 180 217 161 -9 260 -9 -9 213
149 Atl_Shin_2_2016 119 255 182 194 261 238 292 168 287 187 267 280 182 219 161 -9 268 -9 -9 217
15 Atl_Nap_6_2016 117 211 160 182 269 236 288 162 263 183 265 268 -9 -9 161 243 256 260 -9 217
15 Atl_Nap_6_2016 121 219 160 210 341 236 348 170 283 255 281 292 -9 -9 161 243 256 264 -9 283
150 Atl_Shin_2_2016 115 195 -9 142 313 226 320 166 261 171 -9 280 188 211 -9 -9 -9 -9 -9 -9
150 Atl_Shin_2_2016 117 227 -9 186 341 236 348 174 265 183 -9 300 196 211 -9 -9 -9 -9 -9 -9
151 Atl_Shin_2_2016 117 231 174 210 301 236 308 168 283 -9 241 292 186 -9 161 -9 256 260 -9 213
151 Atl_Shin_2_2016 143 311 176 212 345 238 352 170 307 -9 269 292 188 -9 161 -9 256 264 -9 217
152 Atl_Shin_1_2016 117 231 156 154 309 234 316 156 279 187 251 280 178 215 161 243 248 256 242 213
152 Atl_Shin_1_2016 117 255 176 184 317 258 324 174 287 215 275 292 184 217 161 243 256 260 258 215
153 Atl_Shin_2_2016 109 259 160 214 321 240 328 166 267 183 255 280 182 211 -9 -9 -9 260 250 217
153 Atl_Shin_2_2016 139 287 182 214 345 260 352 174 275 191 255 288 188 219 -9 -9 -9 260 294 291
154 Atl_Shin_2_2016 117 179 174 154 245 238 252 168 243 171 263 252 186 -9 -9 243 260 256 246 215
154 Atl_Shin_2_2016 131 187 174 186 317 238 324 168 247 195 265 284 190 -9 -9 247 260 264 246 217
155 Atl_Shin_1_2016 119 187 160 168 333 236 340 168 243 187 255 280 188 213 161 243 256 256 246 221
155 Atl_Shin_1_2016 119 271 174 220 345 236 352 168 263 215 269 296 190 219 161 243 260 260 246 221
156 Atl_Shin_1_2016 117 211 -9 158 265 234 272 166 263 167 261 280 184 211 161 235 256 -9 278 181
156 Atl_Shin_1_2016 121 247 -9 158 329 240 336 178 299 187 267 296 188 215 161 235 256 -9 286 215
157 Atl_Shin_1_2016 117 243 174 156 293 236 300 158 261 159 255 284 184 211 161 235 244 260 246 221
157 Atl_Shin_1_2016 139 243 178 186 321 236 328 168 287 215 271 308 188 211 161 243 244 260 250 289
158 Atl_Shin_1_2016 117 -9 -9 158 305 238 312 162 247 171 257 296 178 215 -9 -9 -9 -9 -9 251
158 Atl_Shin_1_2016 139 -9 -9 188 309 286 316 174 255 187 285 324 186 215 -9 -9 -9 -9 -9 285
159 Atl_Shin_1_2016 131 199 -9 166 265 -9 -9 158 -9 163 -9 -9 182 -9 -9 -9 260 -9 -9 217
159 Atl_Shin_1_2016 143 243 -9 166 365 -9 -9 164 -9 163 -9 -9 186 -9 -9 -9 260 -9 -9 283
16 Atl_Nap_6_2016 117 187 178 178 265 236 272 166 277 167 275 276 -9 -9 156 243 256 260 -9 217
16 Atl_Nap_6_2016 131 243 178 184 313 236 320 174 287 187 285 296 -9 -9 161 335 260 260 -9 253
160 Atl_Shin_1_2016 135 215 -9 188 317 234 -9 168 -9 -9 -9 288 186 217 156 -9 -9 256 286 283
160 Atl_Shin_1_2016 143 235 -9 208 349 262 -9 174 -9 -9 -9 304 188 225 163 -9 -9 280 286 291
161 Atl_Shin_1_2016 117 175 -9 192 273 234 -9 168 -9 -9 -9 288 -9 -9 161 -9 -9 -9 -9 221
161 Atl_Shin_1_2016 127 247 -9 214 317 240 -9 168 -9 -9 -9 292 -9 -9 161 -9 -9 -9 -9 221
162 Atl_Shin_2_2016 117 247 -9 178 277 246 284 164 215 179 259 -9 184 215 156 243 260 260 266 215
162 Atl_Shin_2_2016 123 251 -9 190 289 250 296 172 261 199 277 -9 188 217 161 243 264 260 278 221
163 Atl_Shin_2_2016 111 203 160 -9 313 236 316 168 261 195 275 280 182 -9 161 235 256 256 -9 215
163 Atl_Shin_2_2016 111 251 166 -9 317 236 324 168 291 207 275 288 188 -9 161 235 256 260 -9 221
164 Atl_Shin_1_2016 109 183 174 156 309 236 316 156 243 159 237 -9 182 211 156 235 244 260 270 215
164 Atl_Shin_1_2016 111 223 174 156 325 236 332 166 299 251 261 -9 182 219 161 235 244 260 282 249
165 Atl_Shin_1_2016 117 251 174 182 -9 236 -9 164 215 -9 261 -9 -9 217 161 235 256 260 290 213
165 Atl_Shin_1_2016 141 259 178 214 -9 260 -9 170 287 -9 273 -9 -9 219 161 243 260 260 306 221
166 Atl_Shin_1_2016 111 203 160 172 265 238 268 168 215 -9 271 284 182 -9 155 -9 260 260 238 215
166 Atl_Shin_1_2016 133 259 164 176 325 238 332 172 269 -9 293 292 186 -9 161 -9 260 260 270 215
167 Atl_Shin_1_2016 119 247 160 164 245 234 252 168 -9 191 257 284 184 211 161 235 -9 260 286 215
167 Atl_Shin_1_2016 125 247 188 220 269 236 276 168 -9 211 275 300 188 215 163 243 -9 264 290 217
168 Atl_Shin_1_2016 121 227 178 158 325 234 332 -9 243 183 -9 -9 182 211 156 -9 260 256 -9 213
168 Atl_Shin_1_2016 135 227 210 180 357 236 364 -9 271 191 -9 -9 182 211 161 -9 260 260 -9 251
169 Atl_Shin_2_2016 117 191 160 180 265 236 272 168 215 191 -9 272 182 211 161 243 260 256 -9 291
169 Atl_Shin_2_2016 117 247 174 208 321 236 328 178 275 207 -9 288 188 215 161 335 260 260 -9 291
17 Atl_Nap_6_2016 117 223 176 184 289 238 296 156 219 187 -9 272 -9 -9 163 243 260 260 258 -9
17 Atl_Nap_6_2016 125 235 180 206 333 240 340 168 279 191 -9 288 -9 -9 163 243 260 260 290 -9
170 Atl_Shin_2_2016 115 195 174 188 321 236 328 162 263 167 257 272 180 217 161 -9 252 256 266 291
170 Atl_Shin_2_2016 115 227 174 190 333 238 340 168 263 195 269 280 188 219 163 -9 260 260 274 291
171 Atl_Shin_2_2016 121 -9 174 180 313 234 320 158 215 187 251 276 184 219 161 235 244 256 -9 221
171 Atl_Shin_2_2016 133 -9 182 208 333 236 340 162 251 195 273 288 194 219 161 243 260 260 -9 253
172 Atl_Shin_2_2016 117 255 160 182 305 238 312 168 283 159 -9 296 -9 -9 161 235 256 256 266 -9
172 Atl_Shin_2_2016 121 259 178 182 361 240 368 178 299 183 -9 304 -9 -9 163 267 256 260 306 -9
173 Atl_Mt_2_2015 113 -9 -9 -9 -9 -9 -9 -9 -9 -9 -9 -9 -9 -9 -9 -9 -9 -9 -9 -9
173 Atl_Mt_2_2015 121 -9 -9 -9 -9 -9 -9 -9 -9 -9 -9 -9 -9 -9 -9 -9 -9 -9 -9 -9
174 Atl_Mt_2_2015 115 203 -9 -9 321 236 -9 168 -9 -9 -9 284 180 -9 161 -9 -9 -9 -9 -9
174 Atl_Mt_2_2015 139 227 -9 -9 353 238 -9 168 -9 -9 -9 296 184 -9 161 -9 -9 -9 -9 -9
175 Atl_Mt_2_2015 117 -9 -9 -9 -9 236 -9 -9 -9 -9 -9 292 -9 -9 -9 -9 -9 234 -9 213
175 Atl_Mt_2_2015 141 -9 -9 -9 -9 238 -9 -9 -9 -9 -9 292 -9 -9 -9 -9 -9 238 -9 217
176 Atl_Mt_2_2015 117 175 174 -9 277 250 280 162 251 191 275 -9 182 213 156 235 256 256 -9 217
176 Atl_Mt_2_2015 117 207 176 -9 309 286 316 176 287 207 279 -9 188 215 161 243 260 264 -9 217
178 Atl_Mt_2_2015 115 195 162 192 317 -9 320 162 255 163 245 280 182 211 156 243 252 256 -9 217
178 Atl_Mt_2_2015 153 243 164 208 329 -9 336 162 291 199 283 292 188 217 161 319 256 260 -9 217
179 Atl_Mt_2_2015 117 239 -9 -9 317 236 324 162 -9 -9 267 284 180 211 -9 235 -9 260 262 215
179 Atl_Mt_2_2015 121 259 -9 -9 345 240 352 168 -9 -9 269 296 186 219 -9 243 -9 260 266 221
18 Atl_Nap_6_2016 115 195 174 168 245 240 252 168 279 159 233 276 -9 -9 161 231 -9 256 -9 -9
18 Atl_Nap_6_2016 117 243 174 182 341 258 348 178 307 215 275 288 -9 -9 163 243 -9 256 -9 -9
180 Atl_Mt_2_2015 117 219 160 184 313 238 320 166 247 195 261 280 180 215 161 243 260 260 -9 215
180 Atl_Mt_2_2015 137 267 166 208 353 240 360 168 279 223 289 292 188 217 161 243 260 264 -9 283
181 Atl_Mt_2_2015 109 187 174 172 313 234 320 -9 279 187 259 -9 182 215 161 243 252 256 -9 283
181 Atl_Mt_2_2015 117 203 176 198 337 264 344 -9 279 191 277 -9 182 219 161 243 256 260 -9 291
182 Atl_Mt_2_2015 117 183 -9 168 245 240 252 174 247 187 257 268 182 217 161 -9 -9 260 -9 213
182 Atl_Mt_2_2015 117 203 -9 168 265 286 272 176 291 187 273 288 196 219 163 -9 -9 264 -9 217
183 Atl_Mt_2_2015 119 271 180 158 269 236 276 168 219 183 257 -9 188 215 161 -9 276 256 242 215
183 Atl_Mt_2_2015 133 287 208 184 269 240 292 174 219 187 261 -9 188 217 161 -9 276 256 294 215
184 Atl_Mt_2_2015 121 227 174 172 273 240 280 168 247 167 261 284 188 213 156 235 256 256 -9 -9
184 Atl_Mt_2_2015 121 251 180 182 333 286 340 170 275 199 289 300 190 215 161 243 256 260 -9 -9
185 Atl_Mt_2_2015 115 235 -9 166 245 230 -9 162 255 167 265 272 180 -9 156 -9 256 -9 262 217
185 Atl_Mt_2_2015 119 247 -9 166 -9 236 -9 174 295 183 269 292 186 -9 161 -9 256 -9 270 221
186 Atl_Mt_2_2015 121 223 -9 -9 -9 -9 -9 166 215 -9 -9 -9 184 -9 156 -9 -9 -9 -9 -9
186 Atl_Mt_2_2015 143 251 -9 -9 -9 -9 -9 168 219 -9 -9 -9 194 -9 161 -9 -9 -9 -9 -9
187 Atl_Mt_2_2015 111 183 160 160 313 236 320 164 215 167 261 284 182 217 156 235 -9 256 278 217
187 Atl_Mt_2_2015 137 243 160 182 341 236 348 172 219 183 261 292 184 219 161 267 -9 260 310 283
188 Atl_Mt_2_2015 117 211 -9 -9 245 238 252 168 235 191 265 296 180 -9 161 235 244 256 246 213
188 Atl_Mt_2_2015 123 247 -9 -9 289 252 296 170 283 191 273 296 200 -9 161 267 256 264 250 213
189 Atl_Mt_1_2015 117 195 -9 -9 245 236 -9 -9 -9 187 -9 -9 182 211 155 -9 244 -9 -9 -9
189 Atl_Mt_1_2015 123 251 -9 -9 289 242 -9 -9 -9 195 -9 -9 186 215 161 -9 256 -9 -9 -9
19 Atl_Nap_6_2016 119 235 160 178 257 238 -9 -9 219 187 267 280 -9 -9 155 243 256 256 -9 221
19 Atl_Nap_6_2016 125 239 180 188 269 260 -9 -9 247 187 275 292 -9 -9 161 243 264 256 -9 221
190 Atl_Mt_1_2015 -9 239 -9 168 -9 -9 -9 -9 -9 187 257 292 178 211 161 -9 -9 -9 -9 -9
190 Atl_Mt_1_2015 -9 259 -9 184 -9 -9 -9 -9 -9 215 269 296 184 217 161 -9 -9 -9 -9 -9
191 Atl_Mt_1_2015 117 179 -9 184 -9 -9 -9 -9 -9 159 257 -9 186 -9 -9 -9 260 -9 -9 217
191 Atl_Mt_1_2015 139 179 -9 194 -9 -9 -9 -9 -9 195 269 -9 190 -9 -9 -9 260 -9 -9 221
192 Atl_Mt_1_2015 117 239 -9 180 277 238 280 168 245 167 -9 292 182 217 156 227 260 -9 -9 215
192 Atl_Mt_1_2015 117 243 -9 186 325 260 304 178 267 207 -9 296 184 219 161 227 260 -9 -9 217
193 Atl_Mt_1_2015 117 171 158 194 313 238 320 164 243 159 265 284 176 217 156 235 264 256 238 215
193 Atl_Mt_1_2015 121 179 174 260 377 258 384 166 283 179 273 312 196 217 161 243 264 256 282 215
194 Atl_Mt_1_2015 117 227 176 178 273 236 280 156 245 159 259 288 178 217 156 235 260 256 274 215
194 Atl_Mt_1_2015 117 231 178 182 321 242 328 168 271 167 267 300 188 217 161 235 260 260 286 291
195 Atl_Mt_1_2015 117 223 160 150 277 236 272 166 247 183 269 -9 182 217 156 -9 256 256 238 -9
195 Atl_Mt_1_2015 125 239 160 200 309 238 312 168 291 187 281 -9 186 217 161 -9 264 260 298 -9
196 Atl_Mt_1_2015 117 227 166 154 313 234 320 -9 261 187 269 280 182 211 161 235 256 256 262 217
196 Atl_Mt_1_2015 119 255 182 178 333 236 340 -9 269 195 275 284 188 219 161 243 264 260 270 221
197 Atl_Mt_1_2015 117 -9 -9 184 313 238 -9 168 215 -9 -9 -9 182 -9 155 -9 -9 256 254 215
197 Atl_Mt_1_2015 139 -9 -9 212 -9 258 -9 172 243 -9 -9 -9 190 -9 161 -9 -9 260 266 221
198 Atl_Mt_1_2015 121 179 178 180 269 236 292 168 245 159 275 -9 -9 -9 161 243 256 260 274 -9
198 Atl_Mt_1_2015 123 247 178 204 341 238 348 168 283 167 277 -9 -9 -9 161 243 256 260 290 -9
199 Atl_Mt_2_2016 127 239 166 170 305 236 312 168 267 167 257 284 182 215 156 243 244 256 274 -9
199 Atl_Mt_2_2016 131 247 180 186 333 264 340 172 299 183 269 304 184 217 161 243 256 260 290 -9
20 Atl_Nap_6_2016 117 215 176 166 317 236 324 168 255 183 253 284 180 223 155 243 256 -9 -9 215
20 Atl_Nap_6_2016 131 235 188 198 317 240 324 176 303 215 257 336 188 225 161 243 256 -9 -9 215
200 Atl_Mt_2_2016 117 215 180 170 -9 240 296 162 275 159 255 236 178 217 156 243 256 256 -9 -9
200 Atl_Mt_2_2016 127 235 180 214 -9 252 324 166 287 243 267 292 190 219 161 243 264 260 -9 -9
201 Atl_Mt_2_2016 111 251 174 182 -9 236 -9 168 243 167 -9 -9 182 211 156 235 256 260 282 -9
201 Atl_Mt_2_2016 117 255 174 188 -9 240 -9 168 255 171 -9 -9 196 217 161 243 264 260 298 -9
202 Atl_Mt_2_2016 125 231 160 178 333 238 340 168 255 167 265 272 186 193 156 235 252 256 274 181
202 Atl_Mt_2_2016 143 247 206 214 357 260 364 172 283 183 275 320 196 217 161 235 256 260 282 283
203 Atl_Mt_2_2016 117 171 174 154 297 240 344 168 273 167 255 236 182 217 156 -9 -9 260 258 249
203 Atl_Mt_2_2016 137 267 174 180 337 264 344 198 283 251 293 288 184 217 161 -9 -9 264 282 251
204 Atl_Mt_2_2016 115 227 174 168 265 236 272 168 -9 183 263 300 182 -9 156 243 260 260 246 283
204 Atl_Mt_2_2016 119 239 176 180 277 238 284 168 -9 187 277 316 186 -9 161 243 260 260 294 285
205 Atl_Mt_2_2016 117 251 160 144 297 236 304 158 261 199 261 -9 194 215 161 227 -9 260 -9 207
205 Atl_Mt_2_2016 131 271 174 198 309 238 316 168 291 199 281 -9 196 215 161 243 -9 260 -9 215
206 Atl_Mt_1_2016 117 231 166 182 -9 236 288 166 239 191 261 280 184 217 161 235 256 260 -9 215
206 Atl_Mt_1_2016 121 243 174 216 -9 250 300 168 281 191 265 292 190 221 161 243 256 260 -9 291
207 Atl_Mt_1_2016 139 155 178 202 277 236 284 168 247 163 267 276 186 209 155 235 244 256 -9 217
207 Atl_Mt_1_2016 148 259 202 240 289 236 296 174 255 223 281 292 190 227 161 243 244 260 -9 251
208 Atl_Mt_1_2016 121 183 174 -9 261 236 268 168 -9 187 255 -9 180 213 155 235 256 260 -9 221
208 Atl_Mt_1_2016 143 195 174 -9 313 260 320 176 -9 195 269 -9 188 219 161 243 260 264 -9 221
209 Atl_Mt_1_2016 109 183 -9 170 -9 236 276 162 287 -9 261 252 182 -9 161 -9 256 -9 258 215
209 Atl_Mt_1_2016 117 255 -9 186 -9 250 320 168 295 -9 269 292 194 -9 161 -9 256 -9 274 221
21 Atl_Nap_6_2016 111 179 176 186 309 236 316 168 263 183 261 284 180 219 161 235 256 260 -9 209
21 Atl_Nap_6_2016 123 227 178 188 337 238 352 174 275 195 267 296 182 219 161 243 260 264 -9 217
210 Atl_Mt_2_2016 109 211 160 178 261 236 268 168 279 191 263 236 182 211 155 235 252 260 -9 211
210 Atl_Mt_2_2016 123 243 188 180 329 238 336 168 283 211 281 288 190 211 161 243 252 260 -9 283
211 Atl_Mt_2_2016 117 211 178 -9 273 230 280 168 263 167 261 -9 188 -9 155 243 256 260 -9 217
211 Atl_Mt_2_2016 177 211 182 -9 333 238 340 174 287 167 269 -9 188 -9 161 243 260 264 -9 283
212 Atl_Mt_2_2016 117 239 160 206 261 252 268 168 215 175 267 276 -9 211 161 235 248 256 -9 217
212 Atl_Mt_2_2016 125 247 174 222 309 254 316 168 243 191 271 288 -9 219 163 267 260 256 -9 217
213 Atl_Mt_2_2016 117 179 174 148 269 250 276 168 247 171 -9 -9 182 215 161 235 256 256 -9 221
213 Atl_Mt_2_2016 131 195 174 180 341 260 348 168 295 187 -9 -9 196 215 161 243 256 260 -9 283
214 Atl_Mt_2_2016 117 235 160 182 313 234 320 158 265 183 267 -9 184 211 161 235 244 260 -9 -9
214 Atl_Mt_2_2016 147 243 166 184 321 238 328 168 283 243 275 -9 194 219 161 243 256 260 -9 -9
215 Atl_Mt_2_2016 117 191 174 188 333 234 340 158 259 167 -9 -9 -9 209 161 243 252 256 -9 221
215 Atl_Mt_2_2016 117 259 188 208 345 240 352 168 259 187 -9 -9 -9 217 161 243 264 264 -9 283
216 Atl_Mt_2_2016 111 195 -9 -9 309 236 316 172 215 -9 269 -9 -9 -9 -9 243 -9 256 246 215
216 Atl_Mt_2_2016 137 243 -9 -9 317 240 324 176 261 -9 275 -9 -9 -9 -9 243 -9 256 266 215
217 Atl_Mt_2_2016 117 191 -9 190 313 236 320 166 247 -9 263 292 184 -9 161 243 256 -9 -9 217
217 Atl_Mt_2_2016 121 263 -9 190 313 236 320 168 261 -9 267 292 188 -9 161 243 264 -9 -9 217
218 Atl_Mt_2_2016 111 175 -9 166 293 236 300 168 215 171 255 276 186 211 155 -9 -9 -9 -9 215
218 Atl_Mt_2_2016 121 215 -9 192 321 238 328 170 277 191 277 300 226 215 161 -9 -9 -9 -9 221
219 Atl_Mt_2_2016 117 235 174 178 333 236 340 170 291 187 259 292 182 213 161 243 244 256 282 217
219 Atl_Mt_2_2016 161 263 180 216 341 238 348 174 291 243 269 332 182 217 161 243 256 256 306 217
22 Atl_Nap_6_2016 117 207 166 142 265 234 272 156 243 167 261 -9 180 219 161 235 244 260 -9 217
22 Atl_Nap_6_2016 121 259 174 220 309 238 316 168 279 167 281 -9 184 219 163 243 256 260 -9 221
220 Atl_Mt_2_2016 117 251 160 182 293 236 300 168 263 191 269 292 188 213 155 243 256 260 -9 -9
220 Atl_Mt_2_2016 121 315 164 208 317 238 324 168 299 211 277 296 188 217 161 243 256 268 -9 -9
221 Atl_Mt_2_2016 119 207 174 180 257 238 264 168 271 167 267 280 188 213 161 235 244 260 270 217
221 Atl_Mt_2_2016 133 223 176 182 333 258 340 172 299 199 269 292 188 219 161 235 248 264 270 217
222 Atl_Mt_2_2016 115 227 160 186 269 236 276 166 263 175 -9 -9 182 217 156 243 244 260 266 -9
222 Atl_Mt_2_2016 119 259 212 186 349 260 356 168 265 183 -9 -9 188 217 161 243 263 260 266 -9
223 Atl_Mt_2_2016 111 247 180 150 309 238 316 168 251 159 255 284 186 215 161 227 256 256 -9 215
223 Atl_Mt_2_2016 125 295 182 188 321 238 328 176 281 223 263 316 188 225 163 235 260 264 -9 215
224 Atl_Mt_1_2016 117 251 174 190 245 238 252 158 303 183 255 280 180 211 161 235 256 260 262 217
224 Atl_Mt_1_2016 147 259 178 216 325 258 332 162 317 227 279 296 188 211 163 335 264 264 266 217
225 Atl_Mt_1_2016 115 179 160 188 289 238 300 162 261 179 261 272 186 211 157 235 260 256 254 217
225 Atl_Mt_1_2016 133 227 176 194 305 250 312 162 291 187 273 292 192 211 161 243 264 260 266 217
226 Atl_Mt_1_2016 121 183 176 154 297 236 304 168 287 183 255 -9 180 219 156 243 264 256 246 215
226 Atl_Mt_1_2016 125 223 178 208 341 238 348 174 291 203 275 -9 182 219 161 243 264 260 246 217
227 Atl_Mt_1_2016 117 251 178 172 313 234 316 168 235 187 259 288 178 213 161 243 244 260 -9 211
227 Atl_Mt_1_2016 119 267 188 184 321 238 328 174 275 187 259 304 186 217 161 243 260 264 -9 217
228 Atl_Mt_1_2016 117 191 -9 158 281 238 288 162 243 -9 261 264 180 -9 156 243 -9 -9 -9 181
228 Atl_Mt_1_2016 121 283 -9 198 313 238 320 168 303 -9 277 288 188 -9 161 243 -9 -9 -9 217
229 Atl_Mt_1_2016 129 227 160 178 261 230 268 168 243 167 267 -9 182 215 161 -9 -9 260 250 213
229 Atl_Mt_1_2016 137 239 180 182 321 236 328 176 247 203 285 -9 188 219 161 -9 -9 260 290 215
23 Atl_Nap_6_2016 117 179 -9 158 297 238 320 168 287 195 261 280 -9 211 161 235 256 256 258 -9
23 Atl_Nap_6_2016 127 239 -9 214 313 260 320 170 291 251 271 296 -9 217 161 243 256 260 262 -9
230 Atl_Mt_1_2016 125 171 160 168 245 236 248 168 235 167 277 284 180 211 156 243 256 256 270 177
230 Atl_Mt_1_2016 139 259 174 190 313 240 320 172 275 191 289 292 190 217 161 243 264 260 270 217
231 Atl_Mt_1_2016 117 207 160 180 289 250 296 168 247 167 257 -9 180 217 156 235 248 256 274 215
231 Atl_Mt_1_2016 117 239 204 218 321 260 328 168 279 199 275 -9 200 219 161 243 256 260 302 215
232 Atl_Mt_1_2016 117 215 178 170 313 236 332 162 243 195 267 244 178 215 161 -9 256 256 262 213
232 Atl_Mt_1_2016 125 235 178 216 317 238 340 174 303 195 281 296 184 217 165 -9 260 260 262 213
233 Atl_Mt_1_2016 109 159 174 182 -9 -9 320 168 245 187 255 272 180 213 161 235 256 260 258 217
233 Atl_Mt_1_2016 143 231 174 220 -9 -9 360 168 287 195 269 276 182 219 161 243 260 264 290 221
234 Atl_Mt_1_2016 109 187 -9 188 -9 234 320 168 215 167 263 288 184 213 156 243 256 256 246 215
234 Atl_Mt_1_2016 111 235 -9 212 -9 246 320 172 247 179 277 292 186 219 161 247 256 264 286 215
235 Atl_Mt_1_2016 119 247 160 158 245 236 248 156 287 167 257 292 182 211 156 235 256 256 274 215
235 Atl_Mt_1_2016 121 263 178 220 301 238 308 166 287 187 279 296 190 225 161 243 256 260 278 215
236 Atl_Mt_1_2016 117 175 160 158 261 226 268 166 265 183 255 -9 180 211 156 243 272 256 274 213
236 Atl_Mt_1_2016 137 239 174 172 325 238 332 172 287 187 279 -9 182 215 161 243 272 256 274 289
237 Atl_Mt_1_2016 117 199 160 144 253 236 260 156 247 167 255 280 186 211 161 235 256 260 246 177
237 Atl_Mt_1_2016 137 243 208 180 265 250 272 170 255 167 269 296 190 219 161 243 264 260 274 251
238 Atl_Mt_1_2016 -9 -9 -9 -9 -9 234 -9 -9 -9 -9 -9 -9 -9 213 161 243 -9 -9 -9 291
238 Atl_Mt_1_2016 -9 -9 -9 -9 -9 238 -9 -9 -9 -9 -9 -9 -9 213 161 335 -9 -9 -9 291
239 Atl_Mt_1_2016 139 183 174 206 245 236 248 162 271 171 257 280 188 215 163 235 256 260 270 221
239 Atl_Mt_1_2016 143 183 178 212 353 236 360 174 283 195 269 296 192 217 165 243 264 260 286 221
24 Atl_Nap_6_2016 119 255 -9 178 333 236 272 168 -9 -9 257 276 180 -9 161 235 -9 -9 -9 -9
24 Atl_Nap_6_2016 139 275 -9 198 357 236 316 174 -9 -9 271 292 180 -9 161 243 -9 -9 -9 -9
240 Atl_Mt_1_2016 111 191 160 156 -9 236 -9 158 243 191 263 292 180 219 156 235 252 260 242 215
240 Atl_Mt_1_2016 117 231 180 170 -9 258 -9 168 283 199 269 312 188 219 161 243 252 264 270 215
241 Atl_Mt_3_2015 111 183 174 148 261 224 268 156 245 159 259 280 184 211 156 243 244 260 234 249
241 Atl_Mt_3_2015 121 223 210 184 289 238 296 170 299 195 269 304 188 213 161 267 260 264 270 249
242 Atl_Mt_3_2015 115 235 160 188 261 236 -9 168 257 159 261 284 182 213 156 -9 256 256 266 217
242 Atl_Mt_3_2015 117 239 174 212 265 250 -9 174 317 187 285 296 186 217 161 -9 260 260 266 217
243 Atl_Mt_4_2015 109 219 178 178 269 236 276 166 281 159 255 292 182 211 161 235 256 260 262 221
243 Atl_Mt_4_2015 121 263 180 188 309 238 316 168 281 195 261 300 196 211 161 243 268 260 266 223
245 Atl_Mt_3_2015 119 183 174 154 281 238 -9 -9 245 159 275 276 176 217 156 -9 244 260 278 215
245 Atl_Mt_3_2015 139 191 190 210 313 258 -9 -9 271 187 275 296 188 217 161 -9 260 264 294 217
246 Atl_Mt_3_2015 117 227 174 178 273 236 280 168 219 187 273 -9 178 217 161 243 256 264 246 217
246 Atl_Mt_3_2015 117 247 180 194 309 268 316 172 263 195 279 -9 188 225 161 243 256 264 274 221
247 Atl_Mt_3_2015 125 255 178 150 245 236 252 172 247 167 277 256 184 215 156 235 264 256 302 217
247 Atl_Mt_3_2015 125 259 182 168 313 260 320 178 283 171 281 288 188 217 161 243 264 260 302 251
249 Atl_Mt_3_2015 121 223 174 190 245 238 252 166 291 159 261 292 182 211 156 243 252 256 246 213
249 Atl_Mt_3_2015 125 227 188 208 321 240 328 178 291 191 281 304 188 219 161 243 256 264 258 213
25 Atl_Nap_6_2016 109 227 166 158 305 230 312 168 243 167 277 280 -9 215 156 235 268 -9 294 217
25 Atl_Nap_6_2016 117 235 182 194 321 234 328 172 275 187 289 308 -9 215 161 235 268 -9 298 221
250 Atl_Mt_4_2015 119 203 160 -9 297 230 304 170 271 159 261 280 178 215 156 243 256 260 266 215
250 Atl_Mt_4_2015 119 219 174 -9 329 236 336 172 275 191 265 284 190 219 161 243 260 268 282 247
251 Atl_Mt_3_2015 111 211 160 156 305 238 312 164 261 163 259 280 188 211 156 235 244 256 270 221
251 Atl_Mt_3_2015 117 271 174 182 321 258 328 174 287 191 283 300 188 217 161 243 260 256 270 221
252 Atl_Mt_3_2015 125 215 160 158 265 246 272 166 245 195 261 280 180 219 161 227 248 256 250 213
252 Atl_Mt_3_2015 135 243 182 192 337 266 344 168 271 207 317 292 186 219 161 235 248 260 266 221
253 Atl_Mt_3_2015 117 223 160 158 277 234 284 168 243 159 273 268 -9 215 161 243 256 264 278 213
253 Atl_Mt_3_2015 117 243 178 208 325 286 332 168 279 183 277 280 -9 219 163 319 256 264 278 255
254 Atl_Mt_4_2015 111 223 166 214 273 238 280 -9 243 171 265 288 182 211 161 235 260 256 -9 215
254 Atl_Mt_4_2015 117 263 174 216 297 260 304 -9 243 199 281 292 190 211 161 243 260 264 -9 221
255 Atl_Mt_3_2015 109 207 174 166 297 238 304 -9 255 191 259 252 178 211 161 235 248 256 -9 213
255 Atl_Mt_3_2015 111 207 178 216 325 238 332 -9 263 195 271 280 190 217 161 243 260 260 -9 251
256 Atl_Mt_4_2015 109 239 160 182 273 230 280 170 245 167 261 260 188 213 156 243 256 -9 -9 215
256 Atl_Mt_4_2015 135 267 174 184 337 238 344 178 277 195 269 284 190 215 161 243 268 -9 -9 221
257 Atl_Mt_3_2015 117 207 166 182 313 240 320 -9 245 159 259 280 180 211 156 235 244 256 -9 217
257 Atl_Mt_3_2015 137 207 174 182 337 244 344 -9 263 179 275 304 186 219 161 243 256 260 -9 217
258 Atl_Mt_3_2015 117 183 160 182 245 240 252 -9 215 243 273 252 184 211 156 235 268 268 246 215
258 Atl_Mt_3_2015 117 227 178 198 349 250 356 -9 283 243 281 288 186 219 161 243 268 272 294 251
259 Atl_Mt_3_2015 117 235 166 178 317 236 324 168 275 163 265 268 190 211 156 235 256 -9 -9 213
259 Atl_Mt_3_2015 135 239 166 220 325 258 332 186 317 171 267 280 196 221 161 235 256 -9 -9 221
26 Atl_Nap_6_2016 117 187 180 180 265 236 272 162 251 155 237 292 -9 215 156 235 264 256 -9 215
26 Atl_Nap_6_2016 131 267 180 182 313 238 320 170 267 187 269 304 -9 217 161 243 264 264 -9 215
260 Atl_Mt_3_2015 117 203 160 156 273 240 280 156 247 179 275 284 186 213 161 251 248 -9 -9 213
260 Atl_Mt_3_2015 117 247 182 212 313 258 320 170 249 203 283 296 188 217 161 259 256 -9 -9 217
261 Atl_Mt_3_2015 137 183 176 182 289 234 296 -9 245 183 289 280 188 -9 161 235 260 -9 -9 -9
261 Atl_Mt_3_2015 139 191 178 222 353 236 360 -9 249 199 289 292 188 -9 161 243 260 -9 -9 -9
262 Atl_Mt_3_2015 117 179 176 168 257 250 264 168 271 159 277 -9 182 211 157 235 256 256 -9 215
262 Atl_Mt_3_2015 119 203 188 182 313 260 320 170 271 183 281 -9 184 219 161 235 256 256 -9 215
263 Atl_Mt_3_2015 137 243 -9 182 289 236 300 172 -9 187 269 280 180 211 156 235 -9 260 -9 217
263 Atl_Mt_3_2015 143 247 -9 210 325 260 332 174 -9 251 283 308 182 215 161 243 -9 260 -9 221
264 Atl_Mt_3_2015 117 183 160 182 273 236 280 168 279 167 275 272 -9 215 161 235 -9 260 286 211
264 Atl_Mt_3_2015 117 239 174 182 309 286 316 168 287 167 277 312 -9 217 161 243 -9 260 286 217
265 Atl_Mt_3_2015 133 243 160 176 269 236 276 168 243 167 251 260 180 219 156 243 260 256 -9 215
265 Atl_Mt_3_2015 133 255 174 182 317 238 324 168 245 235 255 304 188 225 161 243 260 260 -9 289
266 Atl_Mt_3_2015 147 255 -9 -9 289 236 300 166 219 199 263 280 178 217 156 235 252 260 -9 221
266 Atl_Mt_3_2015 157 259 -9 -9 305 236 312 168 275 243 265 304 190 225 161 243 256 260 -9 249
267 Atl_Mt_3_2015 119 195 -9 156 325 236 332 168 235 187 261 268 180 217 157 235 256 260 -9 221
267 Atl_Mt_3_2015 133 207 -9 168 329 236 336 172 243 187 261 288 184 217 161 243 260 264 -9 283
268 Atl_Mt_3_2015 121 187 174 176 265 230 272 170 279 187 261 284 180 217 161 235 256 260 262 179
268 Atl_Mt_3_2015 125 187 188 220 289 258 296 174 281 195 273 288 188 219 161 235 256 260 278 217
269 Atl_Mt_5_2015 111 243 160 188 313 236 320 168 255 167 273 280 186 213 161 235 -9 260 -9 217
269 Atl_Mt_5_2015 143 247 160 220 321 260 328 168 283 183 281 292 186 217 161 243 -9 260 -9 217
27 Atl_Nap_6_2016 121 227 174 176 265 260 280 168 247 195 271 268 190 -9 156 235 260 260 286 215
27 Atl_Nap_6_2016 133 247 174 186 273 286 280 176 287 195 279 284 198 -9 161 243 260 264 286 283
270 Atl_Mt_5_2015 113 187 160 158 313 236 320 168 259 183 257 280 180 215 161 243 256 260 262 215
270 Atl_Mt_5_2015 117 247 160 208 317 236 324 168 287 207 269 296 184 217 161 243 268 260 274 215
271 Atl_Mt_5_2015 117 183 160 192 309 234 316 -9 263 187 261 280 188 217 156 235 -9 260 250 217
271 Atl_Mt_5_2015 119 195 174 216 325 258 332 -9 275 215 313 284 190 219 161 243 -9 260 250 221
272 Atl_Mt_5_2015 111 219 160 160 305 238 312 174 271 179 277 280 180 211 161 235 -9 256 270 217
272 Atl_Mt_5_2015 119 251 174 182 341 240 348 176 271 183 281 284 188 217 161 243 -9 260 290 217
273 Atl_Mt_5_2015 119 187 174 156 261 230 268 168 259 183 261 292 182 211 161 243 248 256 274 213
273 Atl_Mt_5_2015 143 195 176 188 273 236 280 174 267 195 281 296 200 211 163 243 248 260 274 213
274 Atl_Mt_5_2015 121 187 176 148 289 240 296 168 245 -9 257 280 180 211 156 235 256 260 266 215
274 Atl_Mt_5_2015 141 187 176 182 297 260 300 180 271 -9 269 304 186 215 161 243 256 260 278 253
275 Atl_Mt_5_2015 117 183 174 158 261 256 268 168 245 159 257 280 184 217 156 235 264 260 246 -9
275 Atl_Mt_5_2015 133 247 174 214 325 286 332 168 287 195 277 292 186 219 161 243 264 264 246 -9
276 Atl_Mt_5_2015 109 243 174 -9 265 234 272 168 281 -9 275 288 180 213 161 243 256 256 -9 221
276 Atl_Mt_5_2015 117 247 178 -9 273 264 280 174 287 -9 281 292 188 213 161 243 256 260 -9 221
277 Atl_Mt_3_2015 109 183 160 150 297 238 304 168 261 191 255 284 180 211 155 243 256 260 290 215
277 Atl_Mt_3_2015 117 195 180 150 325 238 332 168 291 195 257 288 182 217 161 243 256 260 294 249
278 Atl_Mt_3_2016 117 223 174 174 333 240 340 162 247 191 269 280 180 211 161 235 244 256 242 221
278 Atl_Mt_3_2016 119 271 178 184 333 258 340 164 247 235 297 280 184 215 161 243 256 260 242 221
279 Atl_Mt_3_2016 129 195 176 148 273 236 280 168 247 183 261 276 180 217 156 243 260 260 266 217
279 Atl_Mt_3_2016 139 247 178 158 321 236 328 172 291 199 273 280 182 219 161 243 260 264 266 217
28 Atl_Nap_6_2016 115 183 174 156 317 238 324 -9 243 167 257 292 184 215 156 -9 256 256 -9 219
28 Atl_Nap_6_2016 119 251 180 208 337 250 344 -9 283 195 269 316 188 219 161 -9 260 260 -9 259
280 Atl_Mt_3_2016 111 219 160 166 309 250 316 168 221 179 267 -9 158 211 161 243 244 260 258 217
280 Atl_Mt_3_2016 119 243 174 188 321 260 328 168 255 183 281 -9 186 213 161 243 252 264 274 217
281 Atl_Mt_3_2016 119 251 174 210 277 234 284 166 251 167 253 280 190 219 156 227 248 256 262 215
281 Atl_Mt_3_2016 125 267 188 220 285 236 292 168 263 191 285 296 196 229 161 235 248 264 262 291
282 Atl_Mt_3_2016 117 191 174 184 321 236 328 -9 245 203 259 -9 182 211 156 173 -9 256 254 213
282 Atl_Mt_3_2016 133 247 188 218 345 238 352 -9 257 247 269 -9 190 219 161 235 -9 260 258 215
283 Atl_Mt_3_2016 109 223 174 156 -9 234 300 -9 261 167 273 280 190 217 156 235 264 256 266 221
283 Atl_Mt_3_2016 117 267 174 208 -9 236 312 -9 283 215 279 292 190 219 161 243 264 260 266 221
284 Atl_Mt_3_2016 119 183 160 190 289 236 296 -9 243 163 253 268 182 211 161 235 -9 256 274 221
284 Atl_Mt_3_2016 125 239 160 212 289 236 296 -9 245 183 261 272 188 215 161 243 -9 260 274 221
285 Atl_Mt_3_2016 121 187 178 148 313 236 320 -9 219 167 255 -9 176 211 161 243 248 260 234 215
285 Atl_Mt_3_2016 139 211 178 214 337 240 344 -9 267 187 273 -9 180 215 161 243 260 260 238 283
286 Atl_Mt_3_2016 117 215 160 166 325 236 332 156 251 215 261 -9 182 217 161 227 260 260 250 215
286 Atl_Mt_3_2016 121 223 182 168 333 238 340 168 287 235 265 -9 186 217 163 243 260 264 278 217
287 Atl_Mt_4_2016 117 191 174 182 313 228 320 168 247 199 -9 288 -9 219 161 235 -9 260 270 217
287 Atl_Mt_4_2016 129 211 176 220 353 236 360 186 299 243 -9 292 -9 221 163 315 -9 264 270 249
288 Atl_Mt_4_2016 135 215 160 158 273 -9 280 164 221 159 269 280 178 211 157 227 252 256 258 215
288 Atl_Mt_4_2016 139 247 162 220 277 -9 284 174 263 167 271 320 182 215 161 235 256 260 266 251
289 Atl_Mt_3_2016 119 183 166 156 313 234 320 168 219 159 259 272 180 219 156 243 -9 260 290 221
289 Atl_Mt_3_2016 135 255 174 210 321 238 328 172 263 183 263 296 182 219 161 243 -9 260 290 221
290 Atl_Mt_3_2016 117 243 160 186 341 238 352 168 267 183 257 292 -9 211 156 235 252 260 238 215
290 Atl_Mt_3_2016 139 251 174 190 353 260 360 172 291 199 263 296 -9 211 161 243 256 260 238 215
291 Atl_Mt_3_2016 133 231 184 156 325 238 332 -9 281 -9 253 280 184 219 156 235 244 260 242 217
291 Atl_Mt_3_2016 148 263 188 180 341 250 348 -9 299 -9 283 288 186 219 161 243 256 264 242 283
292 Atl_Mt_3_2016 117 179 166 172 289 238 -9 -9 245 159 277 272 188 215 163 235 256 -9 270 215
292 Atl_Mt_3_2016 143 243 178 182 333 256 -9 -9 251 223 279 292 194 217 163 235 256 -9 286 215
293 Atl_Mt_3_2016 135 251 174 190 289 230 -9 -9 245 163 261 268 182 211 155 243 -9 256 238 213
293 Atl_Mt_3_2016 147 259 208 214 353 238 -9 -9 291 191 281 280 186 217 161 243 -9 260 258 213
294 Atl_Mt_3_2016 111 195 166 174 333 234 340 168 251 175 265 268 180 211 155 235 260 260 270 215
294 Atl_Mt_3_2016 111 251 178 192 345 240 352 168 295 199 281 296 188 215 161 243 260 260 278 217
295 Atl_Mt_4_2016 133 183 174 -9 277 236 284 168 261 187 255 280 -9 215 156 243 240 260 286 215
295 Atl_Mt_4_2016 139 251 178 -9 309 240 316 168 283 195 277 288 -9 217 161 267 248 264 290 285
296 Atl_Mt_3_2016 117 227 160 182 269 272 276 168 247 199 269 248 182 211 156 243 252 260 -9 213
296 Atl_Mt_3_2016 117 255 174 182 329 286 336 168 283 247 275 260 182 215 161 243 252 264 -9 221
297 Atl_Mt_3_2016 125 231 174 180 309 238 316 168 245 -9 269 280 182 217 156 243 -9 256 266 215
297 Atl_Mt_3_2016 131 247 174 194 345 264 352 170 245 -9 277 288 190 217 161 243 -9 260 266 221
298 Atl_Mt_3_2016 117 227 166 188 269 236 276 168 279 171 -9 280 178 211 161 235 -9 260 262 -9
298 Atl_Mt_3_2016 131 263 180 220 313 236 320 170 281 215 -9 280 190 219 161 243 -9 264 290 -9
299 Atl_Mt_4_2016 119 175 174 182 257 234 264 162 243 171 -9 288 186 211 156 235 -9 256 262 283
299 Atl_Mt_4_2016 143 191 176 190 353 260 360 178 287 195 -9 296 226 211 161 235 -9 256 294 283
30 Atl_Nap_6_2016 127 179 160 -9 269 238 -9 168 247 179 -9 280 180 -9 155 235 256 260 -9 -9
30 Atl_Nap_6_2016 143 223 160 -9 269 260 -9 172 261 191 -9 292 188 -9 161 243 256 264 -9 -9
300 Atl_Mt_4_2016 111 179 188 192 265 244 272 164 251 183 -9 280 182 211 -9 243 260 260 278 181
300 Atl_Mt_4_2016 125 215 192 210 357 286 364 176 299 187 -9 284 226 219 -9 243 260 260 298 217
301 Atl_Mt_4_2016 111 223 174 130 297 236 300 -9 243 171 265 -9 -9 213 161 243 256 256 286 213
301 Atl_Mt_4_2016 117 231 182 180 345 240 352 -9 271 199 281 -9 -9 217 161 335 260 264 290 221
302 Atl_Mt_3_2016 117 235 160 190 245 236 252 168 221 183 255 292 -9 211 161 235 260 256 266 215
302 Atl_Mt_3_2016 139 255 178 206 289 240 296 172 263 191 293 292 -9 217 161 243 260 260 266 215
303 Atl_Mt_3_2016 137 243 180 182 289 236 300 172 251 187 269 280 -9 211 161 235 -9 260 258 217
303 Atl_Mt_3_2016 143 247 184 210 325 260 332 174 263 251 283 308 -9 215 161 243 -9 260 270 221
304 Atl_Mt_3_2016 115 159 160 182 273 234 280 168 287 191 267 260 182 217 155 235 256 256 286 249
304 Atl_Mt_3_2016 131 215 160 208 341 250 348 168 289 247 285 292 232 217 161 243 268 264 290 291
305 Atl_Mt_3_2016 117 183 176 192 325 236 332 166 255 199 263 296 188 -9 161 235 256 260 -9 207
305 Atl_Mt_3_2016 119 207 178 192 353 238 360 178 283 199 285 312 200 -9 161 243 268 264 -9 217
306 Atl_Mt_3_2016 117 219 174 158 261 236 268 168 269 159 285 268 178 -9 161 235 252 256 258 217
306 Atl_Mt_3_2016 121 243 178 168 293 238 300 170 271 195 297 276 200 -9 161 243 256 260 258 221
307 Atl_Mt_3_2016 109 227 178 150 273 230 280 168 271 159 267 296 188 209 161 -9 252 256 270 207
307 Atl_Mt_3_2016 117 255 178 178 313 242 320 174 289 159 289 300 188 217 161 -9 260 260 286 215
308 Atl_Mt_3_2016 131 251 178 208 269 236 276 -9 243 159 257 256 -9 -9 155 243 244 256 258 213
308 Atl_Mt_3_2016 139 255 178 216 293 258 300 -9 267 187 273 292 -9 -9 161 243 244 264 270 215
309 Atl_Mt_4_2016 111 219 174 142 245 236 252 170 275 159 257 292 180 211 161 243 -9 256 262 215
309 Atl_Mt_4_2016 125 223 178 148 273 238 280 176 283 195 265 324 182 219 161 243 -9 260 286 215
31 Atl_Nap_6_2016 117 207 160 156 297 238 304 -9 247 187 255 232 184 217 155 235 244 256 -9 -9
31 Atl_Nap_6_2016 119 291 180 204 309 240 316 -9 283 191 271 276 186 217 161 243 256 264 -9 -9
310 Atl_Mt_3_2016 117 183 178 158 245 240 -9 162 243 175 257 296 180 209 161 235 -9 260 -9 215
310 Atl_Mt_3_2016 135 195 178 170 333 254 -9 168 247 199 269 300 188 217 161 243 -9 260 -9 251
311 Atl_Mt_3_2016 117 195 160 180 273 236 280 168 251 167 241 -9 178 211 161 -9 264 260 262 215
311 Atl_Mt_3_2016 131 195 160 182 333 236 340 172 275 191 271 -9 184 211 161 -9 264 260 278 215
312 Atl_Mt_4_2016 127 183 160 180 -9 236 320 166 247 171 257 284 180 -9 161 235 -9 256 290 -9
312 Atl_Mt_4_2016 137 251 188 180 -9 260 320 168 279 199 257 292 188 -9 161 243 -9 260 290 -9
313 Atl_Mt_3_2016 111 211 174 172 265 238 272 168 247 159 259 288 188 211 161 -9 256 256 270 215
313 Atl_Mt_3_2016 137 247 178 198 277 272 284 168 263 191 259 304 188 219 161 -9 256 260 270 249
314 Atl_Mt_3_2016 121 247 174 154 297 238 300 168 251 223 261 -9 180 207 161 -9 252 256 -9 213
314 Atl_Mt_3_2016 139 255 184 166 313 250 320 174 289 243 267 -9 190 215 161 -9 256 260 -9 217
315 Atl_Mt_3_2016 115 207 166 180 265 238 272 168 243 159 285 -9 182 219 161 235 244 256 -9 215
315 Atl_Mt_3_2016 119 223 208 186 341 240 348 174 267 195 285 -9 182 219 161 243 260 256 -9 215
316 Atl_Mt_3_2016 145 203 160 158 293 236 300 172 255 171 255 288 -9 207 161 235 -9 256 266 215
316 Atl_Mt_3_2016 147 263 174 180 313 286 320 178 271 195 257 296 -9 217 161 235 -9 264 274 217
317 Atl_Mt_3_2016 117 207 176 148 265 236 272 168 247 167 255 280 178 213 161 235 -9 256 290 213
317 Atl_Mt_3_2016 143 267 178 178 309 250 316 172 283 187 263 292 186 219 161 243 -9 260 290 221
318 Atl_Mt_3_2016 125 255 160 182 245 236 252 168 251 183 -9 296 180 211 161 -9 -9 280 -9 213
318 Atl_Mt_3_2016 131 267 160 204 297 236 300 170 289 183 -9 304 188 213 161 -9 -9 288 -9 215
319 Atl_Mt_3_2016 121 235 174 150 325 240 332 156 289 159 255 284 190 211 161 -9 248 256 290 181
319 Atl_Mt_3_2016 121 239 180 206 353 260 360 166 301 183 269 320 196 211 161 -9 256 260 290 215
32 Atl_Nap_6_2016 117 223 -9 182 301 240 -9 158 259 203 241 284 -9 217 161 235 -9 -9 258 -9
32 Atl_Nap_6_2016 117 259 -9 188 301 260 -9 162 275 219 263 356 -9 221 161 243 -9 -9 278 -9
320 Atl_Mt_3_2016 109 191 160 166 321 236 328 170 279 187 275 288 -9 217 161 -9 -9 256 -9 215
320 Atl_Mt_3_2016 117 235 166 204 357 280 364 170 291 187 281 296 -9 219 161 -9 -9 260 -9 215
321 Atl_Mt_3_2016 111 203 164 186 265 238 272 168 275 159 259 -9 188 215 161 235 -9 260 282 215
321 Atl_Mt_3_2016 125 247 166 200 321 258 328 174 281 183 267 -9 196 215 163 243 -9 260 282 215
322 Atl_Mt_3_2016 117 183 178 182 269 236 276 166 283 183 261 276 180 215 161 -9 256 256 -9 215
322 Atl_Mt_3_2016 129 263 180 184 329 238 332 168 289 215 265 280 188 217 161 -9 256 260 -9 283
323 Atl_Mt_3_2016 125 219 176 154 321 236 328 168 243 167 255 276 180 -9 161 235 -9 256 246 221
323 Atl_Mt_3_2016 135 259 182 188 333 236 340 168 247 211 275 284 190 -9 161 243 -9 260 254 251
324 Atl_Mt_5_2016 115 231 160 176 245 238 252 -9 221 167 255 280 184 -9 156 235 -9 260 242 217
324 Atl_Mt_5_2016 121 247 174 206 273 244 280 -9 247 195 269 292 186 -9 161 243 -9 260 242 217
325 Atl_Mt_5_2016 119 239 NA 166 -9 228 320 168 243 163 255 264 -9 213 161 235 256 256 270 217
325 Atl_Mt_5_2016 123 259 NA 220 -9 260 320 172 247 251 269 300 -9 217 161 243 256 260 278 217
326 Atl_Mt_5_2016 117 187 162 148 269 238 276 160 283 -9 257 276 182 215 161 -9 252 260 246 221
326 Atl_Mt_5_2016 133 191 178 156 313 238 320 168 289 -9 259 284 188 215 161 -9 260 260 270 291
327 Atl_Mt_5_2016 111 183 -9 148 273 230 280 168 299 -9 -9 280 180 211 161 -9 256 256 238 215
327 Atl_Mt_5_2016 125 203 -9 192 353 238 360 176 301 -9 -9 292 200 211 161 -9 256 260 270 221
328 Atl_Mt_5_2016 117 231 174 192 245 238 252 168 263 187 261 288 180 217 161 -9 -9 256 278 249
328 Atl_Mt_5_2016 117 271 184 194 273 262 280 168 263 191 267 296 196 219 163 -9 -9 268 278 283
329 Atl_Mt_5_2016 117 283 166 152 309 238 316 174 271 187 237 284 182 -9 161 -9 -9 256 246 217
329 Atl_Mt_5_2016 119 287 174 166 325 286 332 180 305 211 271 292 196 -9 163 -9 -9 260 246 217
33 Atl_Nap_6_2016 117 163 178 182 309 236 316 168 -9 -9 257 280 184 -9 161 243 244 256 -9 217
33 Atl_Nap_6_2016 137 279 184 192 317 236 324 168 -9 -9 261 288 188 -9 163 315 260 260 -9 283
330 Atl_Mt_5_2016 117 219 -9 180 333 238 340 156 267 191 261 284 180 -9 161 227 256 256 254 -9
330 Atl_Mt_5_2016 139 267 -9 192 337 250 344 184 279 199 285 292 188 -9 161 235 260 256 254 -9
331 Atl_Mt_5_2016 115 219 160 162 313 238 320 162 267 163 293 308 190 217 161 235 260 260 258 -9
331 Atl_Mt_5_2016 117 223 160 210 345 286 352 168 317 187 305 320 190 219 161 243 260 264 258 -9
332 Atl_Mt_3_2015 117 207 166 186 281 238 288 168 219 183 245 280 182 211 156 -9 260 264 258 215
332 Atl_Mt_3_2015 147 247 174 188 309 240 316 168 287 199 271 296 190 211 161 -9 260 264 290 217
34 Atl_Nap_6_2016 117 163 160 148 289 236 296 162 283 191 259 292 -9 215 161 235 260 260 -9 221
34 Atl_Nap_6_2016 125 179 160 194 297 236 302 174 291 219 285 300 -9 215 161 243 260 264 -9 291
35 Atl_Nap_6_2016 133 191 174 154 245 250 248 166 261 167 275 292 -9 215 156 235 256 260 -9 -9
35 Atl_Nap_6_2016 135 263 180 168 301 260 308 176 291 215 275 300 -9 215 161 243 256 260 -9 -9
36 Atl_Nap_6_2016 119 159 174 184 273 238 280 168 287 163 257 268 -9 211 156 235 248 260 -9 -9
36 Atl_Nap_6_2016 139 231 178 224 353 240 360 168 291 187 269 316 -9 211 161 243 248 264 -9 -9
37 Atl_Nap_6_2016 109 211 172 178 261 228 268 168 271 167 261 292 -9 -9 156 235 244 260 -9 257
37 Atl_Nap_6_2016 127 231 176 206 325 238 332 192 283 195 261 300 -9 -9 161 243 260 264 -9 257
38 Atl_Nap_6_2016 133 227 174 178 273 236 280 168 255 167 281 292 -9 215 161 235 -9 260 -9 215
38 Atl_Nap_6_2016 137 235 212 190 317 250 324 174 267 195 285 296 -9 219 161 243 -9 260 -9 251
39 Atl_Mor_6_2016 119 199 174 182 289 236 296 156 271 159 251 280 180 -9 156 235 260 260 290 215
39 Atl_Mor_6_2016 121 211 174 188 345 238 352 168 283 191 277 292 188 -9 161 243 260 260 290 217
40 Atl_Mor_6_2016 117 183 160 148 301 236 308 168 275 187 -9 -9 184 -9 161 235 256 256 -9 215
40 Atl_Mor_6_2016 125 283 174 200 305 250 312 168 275 187 -9 -9 190 -9 161 235 256 256 -9 215
41 Atl_Mor_6_2016 109 -9 160 -9 309 238 -9 172 267 191 241 -9 188 -9 161 -9 -9 -9 -9 221
41 Atl_Mor_6_2016 143 -9 174 -9 357 256 -9 174 275 243 263 -9 188 -9 161 -9 -9 -9 -9 259
43 Atl_Mor_6_2016 117 207 -9 180 261 236 256 166 263 175 259 268 -9 -9 156 235 244 260 -9 283
43 Atl_Mor_6_2016 119 287 -9 182 261 236 268 168 271 215 275 292 -9 -9 161 243 268 260 -9 285
44 Atl_Mor_6_2016 117 175 178 180 305 230 312 168 215 155 265 268 178 -9 156 -9 244 260 266 -9
44 Atl_Mor_6_2016 117 243 178 182 333 240 340 172 271 243 289 280 186 -9 161 -9 256 260 294 -9
45 Atl_Mor_6_2016 117 223 160 180 261 234 268 168 247 175 255 -9 -9 211 155 235 256 260 -9 291
45 Atl_Mor_6_2016 129 239 160 184 333 238 340 168 247 195 275 -9 -9 211 161 243 264 264 -9 291
46 Atl_Mor_6_2016 117 183 174 166 297 240 300 172 281 167 245 292 184 213 155 235 248 260 -9 -9
46 Atl_Mor_6_2016 131 199 174 168 325 264 332 174 307 211 285 300 186 217 161 243 256 260 -9 -9
47 Atl_Mor_6_2016 121 187 162 170 313 238 320 168 -9 183 265 284 -9 213 161 235 256 256 -9 217
47 Atl_Mor_6_2016 125 251 174 212 337 242 344 168 -9 231 269 300 -9 217 161 243 256 260 -9 217
48 Atl_Mor_6_2016 111 303 160 166 245 238 252 166 283 167 269 280 -9 -9 155 235 264 256 -9 213
48 Atl_Mor_6_2016 117 307 180 182 313 240 320 168 283 183 275 304 -9 -9 161 243 264 260 -9 217
49 Atl_Mor_6_2016 143 231 160 158 309 238 316 166 271 171 -9 280 -9 -9 161 227 256 256 -9 217
49 Atl_Mor_6_2016 157 259 182 180 373 238 380 168 275 187 -9 296 -9 -9 161 243 256 264 -9 221
50 Atl_Mor_6_2016 117 239 160 184 313 236 320 168 259 187 -9 -9 -9 -9 156 243 244 256 262 -9
50 Atl_Mor_6_2016 117 243 174 202 321 286 328 172 291 211 -9 -9 -9 -9 161 243 244 260 290 -9
51 Atl_Mor_6_2016 111 175 160 184 245 236 252 168 239 167 267 280 -9 215 156 235 256 260 -9 -9
51 Atl_Mor_6_2016 111 231 176 194 313 256 320 172 295 251 281 296 -9 219 161 247 260 260 -9 -9
52 Atl_Mor_6_2016 117 263 160 158 297 238 316 168 247 167 259 292 -9 211 156 243 -9 256 -9 221
52 Atl_Mor_6_2016 133 275 174 218 309 250 316 168 247 207 259 300 -9 215 161 243 -9 260 -9 221
53 Atl_Mor_6_2016 111 219 174 170 309 240 316 158 265 187 265 288 188 213 156 243 260 260 266 -9
53 Atl_Mor_6_2016 115 255 176 190 341 286 348 164 281 207 273 292 190 217 161 267 260 260 290 -9
54 Atl_Mor_6_2016 117 227 160 156 265 238 272 168 247 159 255 -9 -9 217 156 235 260 256 278 -9
54 Atl_Mor_6_2016 143 255 184 188 309 250 316 172 291 231 277 -9 -9 219 161 235 260 264 290 -9
55 Atl_Mor_6_2016 115 235 -9 180 309 236 316 162 263 167 -9 268 -9 211 161 243 -9 256 262 -9
55 Atl_Mor_6_2016 123 251 -9 184 329 238 336 174 263 183 -9 292 -9 211 161 243 -9 260 290 -9
56 Atl_Mor_6_2016 117 231 178 144 333 236 340 168 215 167 273 292 182 217 156 235 -9 256 -9 215
56 Atl_Mor_6_2016 143 239 200 172 357 238 364 174 251 187 277 308 188 217 161 243 -9 264 -9 215
57 Atl_Mor_6_2016 117 215 174 168 293 240 300 158 243 167 259 228 182 215 161 235 248 260 -9 249
57 Atl_Mor_6_2016 117 223 178 168 309 258 312 170 299 175 273 296 184 219 163 243 260 260 -9 249
58 Atl_Mor_6_2016 117 227 160 182 289 240 296 156 -9 167 269 288 188 217 161 235 252 260 -9 215
58 Atl_Mor_6_2016 121 247 160 214 321 286 328 168 -9 175 277 288 188 225 161 243 256 260 -9 217
59 Atl_Mor_6_2016 117 247 174 180 277 236 284 168 257 183 269 280 -9 -9 161 227 244 260 -9 249
59 Atl_Mor_6_2016 143 279 200 188 373 236 380 168 261 199 277 300 -9 -9 163 319 260 260 -9 283
60 Atl_Mor_6_2016 109 195 174 154 317 234 324 168 243 187 265 244 182 211 161 235 252 260 242 177
60 Atl_Mor_6_2016 117 235 176 168 369 238 376 168 277 211 277 304 186 217 163 243 252 264 258 221
61 Atl_Mor_6_2016 133 243 170 180 309 238 316 166 -9 159 261 284 182 217 161 235 -9 260 290 215
61 Atl_Mor_6_2016 139 287 178 198 313 252 320 178 -9 171 275 296 188 219 161 243 -9 264 290 249
62 Atl_Mor_6_2016 117 231 174 166 353 234 344 158 271 159 -9 280 182 215 161 235 256 260 -9 215
62 Atl_Mor_6_2016 125 251 178 182 353 236 360 168 295 215 -9 312 196 219 161 243 256 260 -9 257
63 Atl_Mor_6_2016 117 195 174 158 325 236 324 168 247 167 255 280 182 217 161 235 256 260 278 -9
63 Atl_Mor_6_2016 125 227 178 206 325 258 332 174 279 183 287 296 184 217 163 267 264 260 290 -9
64 Atl_Mor_6_2016 117 207 160 166 293 256 300 156 279 167 255 284 180 217 155 243 256 256 -9 -9
64 Atl_Mor_6_2016 121 243 174 188 333 262 340 170 313 179 275 288 196 217 161 319 256 256 -9 -9
65 Atl_Mor_6_2016 117 179 -9 188 265 258 272 168 247 167 267 288 -9 211 161 235 244 256 282 -9
65 Atl_Mor_6_2016 117 187 -9 190 313 264 320 174 261 187 267 296 -9 219 161 295 256 260 290 -9
66 Atl_Mor_6_2016 119 175 160 186 301 236 304 168 243 -9 281 248 -9 -9 161 235 256 -9 -9 -9
66 Atl_Mor_6_2016 139 243 174 188 353 250 360 170 261 -9 281 292 -9 -9 163 243 268 -9 -9 -9
67 Atl_Mor_6_2016 111 227 178 192 265 234 272 168 261 167 253 284 -9 211 161 227 256 264 -9 -9
67 Atl_Mor_6_2016 139 251 178 208 309 236 316 172 279 175 269 292 -9 211 163 235 256 264 -9 -9
68 Atl_Mor_6_2016 111 187 -9 170 313 238 320 172 -9 187 259 268 180 -9 156 235 256 256 -9 -9
68 Atl_Mor_6_2016 123 275 -9 182 333 238 340 174 -9 215 289 284 180 -9 161 267 260 260 -9 -9
69 Atl_Mor_6_2016 117 231 160 202 261 236 264 168 243 167 265 292 180 215 161 235 256 260 -9 -9
69 Atl_Mor_6_2016 125 263 174 220 265 238 272 170 271 171 269 320 182 217 161 235 264 264 -9 -9
7 Atl_Nap_6_2016 131 179 160 164 333 236 340 168 261 243 255 276 182 -9 155 227 260 260 -9 -9
7 Atl_Nap_6_2016 133 215 210 170 345 238 352 168 267 251 267 288 184 -9 161 235 260 260 -9 -9
70 Atl_Jam_6_2016 111 231 174 166 313 238 320 164 281 167 255 300 -9 215 156 235 -9 256 -9 213
70 Atl_Jam_6_2016 117 247 174 212 341 260 348 174 291 171 281 304 -9 215 161 243 -9 256 -9 221
71 Atl_Jam_6_2016 117 207 160 154 285 236 292 162 215 167 245 276 182 213 163 219 256 256 -9 215
71 Atl_Jam_6_2016 117 303 210 216 309 236 316 168 261 199 289 284 184 217 163 227 260 260 -9 247
72 Atl_Jam_6_2016 117 183 178 156 289 236 288 168 -9 167 261 296 182 -9 156 235 256 256 -9 215
72 Atl_Jam_6_2016 157 203 178 170 293 236 300 178 -9 195 277 300 186 -9 161 243 256 264 -9 217
73 Atl_Jam_6_2016 117 223 174 148 269 238 276 176 -9 187 -9 284 180 213 161 235 256 256 -9 217
73 Atl_Jam_6_2016 121 259 174 190 313 240 320 178 -9 191 -9 288 190 217 161 243 256 260 -9 283
74 Atl_Jam_6_2016 111 187 160 178 321 236 328 156 265 183 251 296 -9 211 155 235 260 260 -9 215
74 Atl_Jam_6_2016 159 267 178 210 329 240 336 176 275 191 269 296 -9 217 161 267 268 264 -9 215
75 Atl_Jam_6_2016 115 223 160 168 309 234 316 156 251 167 261 284 -9 215 155 243 264 260 266 177
75 Atl_Jam_6_2016 139 231 174 206 321 236 328 168 267 191 269 296 -9 215 161 243 264 264 286 215
76 Atl_Jam_6_2016 115 199 174 190 289 240 300 174 223 159 255 308 180 217 155 235 260 260 -9 211
76 Atl_Jam_6_2016 121 207 174 226 341 258 348 176 245 227 267 320 188 219 161 243 260 260 -9 221
77 Atl_Jam_6_2016 109 199 160 166 277 236 284 166 221 159 269 276 180 211 155 243 252 260 -9 -9
77 Atl_Jam_6_2016 125 203 180 206 293 286 300 170 303 183 277 292 180 215 161 243 268 264 -9 -9
78 Atl_Jam_6_2016 111 175 176 144 277 234 284 168 267 167 257 276 180 -9 -9 235 256 260 238 211
78 Atl_Jam_6_2016 117 223 178 180 301 234 308 170 281 211 267 304 182 -9 -9 243 260 260 238 253
79 Atl_Jam_6_2016 109 239 160 154 277 234 -9 156 247 179 245 296 -9 215 161 243 244 260 -9 211
79 Atl_Jam_6_2016 123 259 174 156 329 236 -9 168 281 195 275 312 -9 217 161 243 256 264 -9 221
8 Atl_Nap_6_2016 119 239 166 -9 277 -9 -9 166 279 183 273 288 -9 -9 161 -9 -9 -9 -9 215
8 Atl_Nap_6_2016 131 259 166 -9 365 -9 -9 168 291 215 281 312 -9 -9 161 -9 -9 -9 -9 291
80 Atl_Jam_6_2016 117 223 160 192 265 238 272 170 271 167 237 284 188 219 155 235 256 256 -9 179
80 Atl_Jam_6_2016 141 227 174 208 305 250 312 170 295 199 257 292 190 219 161 243 256 260 -9 283
81 Atl_Jam_6_2016 133 251 160 200 289 238 296 166 245 179 269 -9 178 217 161 235 256 256 -9 273
81 Atl_Jam_6_2016 143 259 174 260 317 252 324 168 303 199 281 -9 178 219 161 243 256 260 -9 283
82 Atl_Jam_6_2016 111 211 174 186 309 236 316 166 245 155 261 292 -9 211 161 235 264 260 -9 207
82 Atl_Jam_6_2016 117 247 176 202 329 236 336 172 251 171 273 304 -9 219 161 243 264 264 -9 215
83 Atl_Jam_6_2016 111 183 174 -9 321 234 328 172 -9 183 -9 -9 -9 219 161 235 244 256 250 -9
83 Atl_Jam_6_2016 127 243 180 -9 337 250 344 174 -9 235 -9 -9 -9 219 161 243 248 260 286 -9
84 Atl_Jam_6_2016 119 175 160 152 281 240 288 168 259 183 259 288 178 225 156 235 264 260 -9 283
84 Atl_Jam_6_2016 143 179 174 172 305 250 312 170 283 187 273 304 186 227 161 243 272 260 -9 283
85 Atl_Jam_6_2016 117 175 160 144 245 238 252 168 287 171 257 272 178 213 161 235 256 260 266 205
85 Atl_Jam_6_2016 119 191 178 172 273 262 280 174 287 199 279 280 182 213 161 267 260 264 286 213
86 Atl_Jam_6_2016 117 179 160 178 261 236 268 168 221 191 259 280 184 217 161 243 244 256 258 217
86 Atl_Jam_6_2016 141 215 174 216 289 260 296 168 247 195 269 288 186 219 161 243 256 260 286 217
87 Atl_Jam_6_2016 123 215 160 178 317 228 324 168 245 183 259 276 184 -9 161 235 256 260 -9 205
87 Atl_Jam_6_2016 139 247 174 182 317 230 324 170 297 203 275 292 188 -9 163 243 256 260 -9 213
88 Atl_Jam_6_2016 117 187 174 180 281 -9 288 156 265 191 263 260 186 -9 155 243 256 256 290 215
88 Atl_Jam_6_2016 117 235 182 184 305 -9 312 176 281 219 265 312 188 -9 161 243 256 260 290 251
89 Atl_Jam_6_2016 123 195 174 -9 245 236 252 168 245 159 257 280 184 215 161 235 248 260 290 211
89 Atl_Jam_6_2016 125 203 206 -9 249 238 256 174 277 167 293 288 190 217 161 243 248 264 290 221
9 Atl_Nap_6_2016 117 191 174 176 265 226 272 168 -9 -9 277 236 186 211 155 235 256 256 -9 181
9 Atl_Nap_6_2016 119 255 178 182 321 238 328 168 -9 -9 281 268 196 221 161 243 260 260 -9 217
90 Atl_Jam_6_2016 117 175 160 182 285 238 292 156 271 195 269 284 188 215 161 243 288 256 -9 211
90 Atl_Jam_6_2016 139 259 174 212 353 240 360 168 291 199 271 292 192 217 161 243 288 256 -9 221
91 Atl_Jam_6_2016 123 239 174 168 293 236 300 -9 279 167 255 268 180 213 161 235 256 260 -9 215
91 Atl_Jam_6_2016 125 251 184 182 325 260 332 -9 295 183 263 292 182 215 163 243 264 264 -9 257
92 Atl_Jam_6_2016 125 203 152 170 313 242 320 166 275 167 261 292 182 -9 161 235 256 264 -9 217
92 Atl_Jam_6_2016 143 203 164 214 325 286 332 168 281 215 269 300 190 -9 163 243 256 264 -9 251
93 Atl_Jam_6_2016 117 227 162 172 269 252 276 172 251 167 257 296 -9 211 155 243 256 256 -9 293
93 Atl_Jam_6_2016 137 251 174 208 313 260 320 184 275 191 267 304 -9 219 161 243 260 260 -9 325
94 Atl_Jam_6_2016 143 239 174 158 309 238 316 168 265 191 257 284 180 217 155 235 256 256 -9 211
94 Atl_Jam_6_2016 147 279 174 188 345 238 352 174 295 215 275 292 188 217 161 243 260 260 -9 221
95 Atl_Jam_6_2016 137 255 -9 150 277 236 280 168 245 187 255 -9 -9 -9 161 243 256 256 254 215
95 Atl_Jam_6_2016 139 263 -9 154 345 238 352 168 253 195 281 -9 -9 -9 161 243 260 260 290 283
96 Atl_Jam_6_2016 119 171 160 168 301 236 308 168 247 159 257 288 186 -9 155 -9 244 260 -9 211
96 Atl_Jam_6_2016 147 239 178 168 309 242 316 174 281 203 269 296 186 -9 161 -9 244 260 -9 221
97 Atl_Jam_6_2016 117 179 160 -9 289 238 296 156 283 167 245 268 -9 215 161 235 256 260 -9 217
97 Atl_Jam_6_2016 117 183 178 -9 333 238 340 168 283 195 279 284 -9 219 163 235 256 260 -9 217
98 Atl_Jam_6_2016 117 227 160 166 301 238 308 168 287 191 267 284 -9 217 161 235 248 256 -9 213
98 Atl_Jam_6_2016 133 235 160 178 337 240 344 178 317 215 275 304 -9 219 161 235 248 260 -9 215
99 Atl_Jam_6_2016 109 243 160 174 261 236 268 174 251 171 -9 280 182 215 157 243 268 256 -9 -9
99 Atl_Jam_6_2016 111 315 160 180 301 238 308 174 283 251 -9 288 184 215 161 243 268 260 -9 -9
S1 Atl_Shin_1_2017 117 243 -9 182 297 236 300 168 267 167 269 -9 186 215 161 235 -9 256 -9 217
S1 Atl_Shin_1_2017 117 251 -9 182 333 246 340 176 271 167 277 -9 192 217 161 335 -9 256 -9 217
S100 Atl_Shin_2_2017 117 219 174 166 289 236 296 168 -9 171 255 288 180 211 161 243 260 256 274 217
S100 Atl_Shin_2_2017 119 259 178 190 365 238 372 174 -9 191 275 316 190 217 163 243 264 256 282 217
S101 Atl_Shin_2_2017 117 243 174 198 357 238 364 168 243 171 255 288 178 213 161 -9 260 260 262 -9
S101 Atl_Shin_2_2017 145 247 178 224 381 238 388 172 259 191 275 316 196 219 163 -9 264 264 262 -9
S11 Atl_Shin_2_2017 117 227 -9 -9 305 238 312 162 217 167 255 292 182 211 161 -9 248 256 254 211
S11 Atl_Shin_2_2017 143 227 -9 -9 -9 286 320 174 271 199 261 312 186 217 161 -9 264 260 258 215
S12 Atl_Shin_2_2017 111 183 160 176 -9 236 312 168 263 199 243 268 -9 -9 161 -9 256 256 262 221
S12 Atl_Shin_2_2017 117 223 176 176 -9 238 348 170 279 211 275 276 -9 -9 163 -9 256 260 270 221
S13 Atl_Shin_2_2017 125 231 174 174 -9 236 324 158 247 167 253 284 184 -9 161 235 256 260 254 215
S13 Atl_Shin_2_2017 125 239 176 200 -9 252 328 168 279 167 257 288 190 -9 161 243 256 264 270 251
S14 Atl_Shin_2_2017 125 179 166 154 -9 236 316 166 259 171 269 288 180 211 156 -9 256 256 250 251
S14 Atl_Shin_2_2017 133 183 166 198 -9 256 352 168 289 191 277 300 186 211 161 -9 260 260 266 251
S15 Atl_Shin_2_2017 111 183 176 188 253 236 260 -9 251 159 269 268 180 -9 161 235 256 260 254 217
S15 Atl_Shin_2_2017 123 227 178 188 357 238 364 -9 255 183 285 288 196 -9 161 243 260 260 254 217
S19 Atl_Shin_2_2017 119 259 170 182 293 240 300 -9 247 183 257 276 186 209 156 -9 260 260 262 221
S19 Atl_Shin_2_2017 141 299 174 182 333 240 340 -9 279 251 285 308 188 217 161 -9 260 260 262 221
S20 Atl_Shin_2_2017 117 231 174 172 273 234 280 164 -9 159 277 264 180 215 161 243 256 256 242 -9
S20 Atl_Shin_2_2017 139 267 178 182 313 260 320 168 -9 199 289 292 188 225 161 243 260 264 274 -9
S21 Atl_Shin_2_2017 117 243 -9 158 325 236 332 168 247 167 261 -9 184 -9 161 243 244 260 238 221
S21 Atl_Shin_2_2017 143 255 -9 194 341 286 348 176 275 211 275 -9 188 -9 163 243 248 260 250 221
S22 Atl_Shin_2_2017 125 203 160 180 313 236 320 172 263 167 241 272 182 213 161 -9 256 260 270 211
S22 Atl_Shin_2_2017 139 259 174 222 349 240 356 174 263 191 267 308 188 219 161 -9 256 260 270 291
S25 Atl_Shin_1_2017 117 247 174 180 289 238 296 166 263 159 255 288 186 215 161 -9 -9 256 -9 251
S25 Atl_Shin_1_2017 117 251 174 186 289 238 296 168 263 203 265 296 196 215 161 -9 -9 260 -9 251
S26 Atl_Shin_2_2017 117 235 160 144 305 236 312 170 217 187 259 280 180 211 161 -9 256 260 274 217
S26 Atl_Shin_2_2017 121 255 174 144 317 238 324 174 251 223 269 308 188 211 163 -9 256 260 298 221
S27 Atl_Shin_1_2017 111 231 174 160 261 238 268 168 275 167 255 280 -9 207 161 -9 248 256 -9 213
S27 Atl_Shin_1_2017 111 251 176 194 321 250 328 168 279 171 285 288 -9 217 161 -9 256 256 -9 215
S28 Atl_Shin_1_2017 119 227 176 172 301 252 308 168 247 163 245 288 178 -9 161 235 260 -9 266 211
S28 Atl_Shin_1_2017 139 231 188 196 309 260 316 178 283 195 253 300 182 -9 163 243 264 -9 266 215
S29 Atl_Shin_1_2017 117 179 -9 204 345 238 -9 164 255 167 269 292 184 217 -9 235 248 256 -9 221
S29 Atl_Shin_1_2017 121 263 -9 222 345 238 -9 174 259 183 281 308 186 219 -9 243 248 256 -9 257
S30 Atl_Shin_1_2017 117 251 160 -9 -9 238 312 168 275 195 281 324 184 -9 161 243 256 256 278 217
S30 Atl_Shin_1_2017 131 259 166 -9 -9 240 328 168 287 199 299 328 184 -9 163 267 268 264 298 285
S31 Atl_Shin_1_2017 117 251 178 -9 305 240 312 168 271 -9 285 -9 180 -9 161 243 -9 256 278 217
S31 Atl_Shin_1_2017 131 259 182 -9 321 258 328 168 283 -9 289 -9 180 -9 163 267 -9 264 298 285
S34 Atl_Shin_2_2017 -9 -9 160 -9 309 236 -9 -9 -9 -9 -9 -9 190 -9 161 -9 -9 -9 246 -9
S34 Atl_Shin_2_2017 -9 -9 178 -9 313 238 -9 -9 -9 -9 -9 -9 190 -9 163 -9 -9 -9 286 -9
S36 Atl_Shin_1_2017 111 166 174 174 277 236 284 162 217 211 269 292 190 -9 156 -9 -9 264 270 215
S36 Atl_Shin_1_2017 117 219 182 220 313 236 320 174 247 243 273 328 190 -9 161 -9 -9 264 274 215
S38 Atl_Shin_2_2017 117 183 174 182 245 240 252 168 259 211 -9 272 196 -9 156 227 264 256 262 217
S38 Atl_Shin_2_2017 121 199 174 204 325 256 332 168 289 211 -9 292 196 -9 161 235 264 264 302 217
S39 Atl_Shin_2_2017 117 267 -9 168 305 238 312 162 263 -9 259 288 188 -9 156 -9 -9 -9 246 217
S39 Atl_Shin_2_2017 133 271 -9 168 321 246 328 170 267 -9 269 304 188 -9 161 -9 -9 -9 246 221
S4 Atl_Shin_2_2017 123 195 176 180 249 240 256 168 271 -9 269 304 188 211 161 251 248 264 254 215
S4 Atl_Shin_2_2017 137 263 182 192 313 250 320 176 289 -9 275 312 190 215 161 259 256 264 254 215
S40 Atl_Shin_1_2017 117 183 160 -9 289 236 296 162 283 167 255 288 184 -9 161 -9 260 256 254 217
S40 Atl_Shin_1_2017 135 271 162 -9 325 240 332 168 313 187 269 292 188 -9 161 -9 260 260 254 217
S41 Atl_Shin_1_2017 117 243 -9 156 329 236 -9 168 267 191 255 296 180 -9 156 -9 -9 256 258 215
S41 Atl_Shin_1_2017 139 259 -9 160 329 258 -9 174 305 199 263 296 180 -9 161 -9 -9 260 266 257
S42 Atl_Shin_1_2017 115 183 -9 186 305 234 312 162 283 159 269 280 182 217 161 235 248 256 270 213
S42 Atl_Shin_1_2017 133 191 -9 208 321 236 328 172 301 167 277 280 226 217 161 243 248 264 270 217
S44 Atl_Shin_2_2017 117 183 174 182 321 236 328 162 279 167 257 -9 182 -9 161 -9 -9 256 -9 215
S44 Atl_Shin_2_2017 135 255 188 220 329 238 336 166 305 183 263 -9 188 -9 161 -9 -9 256 -9 215
S45 Atl_Shin_2_2017 117 219 160 188 297 236 300 168 247 159 257 288 182 211 161 -9 -9 -9 238 215
S45 Atl_Shin_2_2017 125 223 164 222 321 238 328 176 301 187 263 292 196 211 161 -9 -9 -9 270 285
S46 Atl_Shin_2_2017 119 231 174 166 -9 254 264 162 265 203 269 288 180 211 157 -9 256 260 278 211
S46 Atl_Shin_2_2017 145 247 176 166 -9 258 280 176 279 203 285 292 180 211 161 -9 256 260 278 249
S47 Atl_Shin_1_2017 117 163 174 154 269 236 276 158 243 191 265 -9 180 213 156 -9 256 260 254 217
S47 Atl_Shin_1_2017 133 183 182 182 305 236 312 168 271 195 269 -9 188 217 161 -9 256 264 274 217
S51 Atl_Shin_1_2017 119 187 174 150 297 236 300 158 263 159 267 288 184 215 161 -9 256 256 -9 215
S51 Atl_Shin_1_2017 139 187 174 156 349 286 356 168 275 195 269 300 188 219 161 -9 256 264 -9 221
S52 Atl_Shin_2_2017 117 195 162 144 281 236 288 158 259 167 265 288 178 211 161 -9 256 256 266 215
S52 Atl_Shin_2_2017 147 223 174 182 321 240 328 168 279 187 329 292 196 215 163 -9 256 260 282 249
S53 Atl_Shin_1_2017 117 183 -9 180 -9 236 296 168 255 183 245 280 182 213 156 243 -9 256 -9 -9
S53 Atl_Shin_1_2017 137 243 -9 212 -9 254 328 168 271 199 279 328 186 217 161 243 -9 264 -9 -9
S55 Atl_Shin_1_2017 109 183 160 182 305 236 312 156 247 179 275 276 182 211 161 -9 -9 260 258 217
S55 Atl_Shin_1_2017 135 195 174 182 333 260 340 174 301 211 279 304 184 211 161 -9 -9 260 298 251
S58 Atl_Shin_2_2017 117 179 160 182 305 238 312 156 -9 179 275 276 182 211 156 -9 -9 260 258 217
S58 Atl_Shin_2_2017 121 255 174 192 333 260 340 174 -9 211 279 304 186 217 161 -9 -9 264 298 251
S6 Atl_Shin_2_2017 117 179 178 180 313 258 320 172 251 167 245 284 190 -9 161 -9 256 260 -9 211
S6 Atl_Shin_2_2017 125 183 180 186 329 262 336 172 267 187 277 304 192 -9 161 -9 256 264 -9 253
S60 Atl_Shin_1_2017 117 179 176 -9 245 238 -9 162 217 -9 261 288 182 211 161 235 -9 256 254 219
S60 Atl_Shin_1_2017 147 207 178 -9 309 240 -9 168 251 -9 281 292 190 217 163 243 -9 260 254 249
S61 Atl_Shin_2_2017 119 207 152 168 313 236 320 168 251 163 237 -9 188 211 156 235 256 260 270 217
S61 Atl_Shin_2_2017 125 283 164 170 325 240 332 174 263 195 257 -9 188 215 161 243 260 264 278 249
S62 Atl_Shin_2_2017 117 191 174 180 245 236 252 166 257 187 269 284 188 213 156 235 252 260 254 217
S62 Atl_Shin_2_2017 119 207 178 188 313 250 320 176 271 187 275 292 188 225 161 243 260 264 278 291
S64 Atl_Shin_1_2017 119 183 174 178 325 230 332 174 247 -9 251 280 188 -9 161 -9 244 256 278 217
S64 Atl_Shin_1_2017 119 191 188 208 333 236 340 194 279 -9 259 292 188 -9 163 -9 244 264 278 291
S66 Atl_Shin_1_2017 117 183 174 180 265 264 272 156 283 187 269 268 182 215 161 235 -9 256 262 221
S66 Atl_Shin_1_2017 125 215 176 216 313 280 320 168 301 195 277 292 182 217 161 243 -9 260 262 291
S67 Atl_Shin_2_2017 117 191 174 182 297 258 -9 -9 251 163 245 -9 178 -9 155 235 252 260 254 221
S67 Atl_Shin_2_2017 139 251 174 190 309 286 -9 -9 279 195 245 -9 180 -9 161 243 256 264 254 221
S68 Atl_Shin_2_2017 119 179 174 164 309 236 316 168 263 167 271 268 180 211 161 -9 252 260 254 215
S68 Atl_Shin_2_2017 127 247 176 216 357 238 364 168 299 191 277 292 186 213 161 -9 260 264 254 249
S69 Atl_Shin_2_2017 117 211 180 180 309 240 316 172 259 163 265 284 186 -9 161 -9 256 256 250 213
S69 Atl_Shin_2_2017 137 271 180 188 337 250 344 176 289 223 271 292 188 -9 161 -9 264 260 274 253
S74 Atl_Shin_2_2017 117 179 -9 -9 309 242 316 156 -9 -9 -9 292 182 211 161 -9 -9 256 250 -9
S74 Atl_Shin_2_2017 129 187 -9 -9 317 250 324 168 -9 -9 -9 304 196 217 163 -9 -9 260 286 -9
S75 Atl_Shin_2_2017 117 215 -9 180 265 232 272 168 -9 187 259 -9 180 213 161 -9 -9 260 -9 217
S75 Atl_Shin_2_2017 123 235 -9 180 265 240 336 168 -9 195 265 -9 184 219 163 -9 -9 260 -9 217
S76 Atl_Shin_1_2017 117 231 162 154 245 234 252 168 -9 187 245 -9 182 217 161 -9 264 260 242 221
S76 Atl_Shin_1_2017 121 235 174 184 265 240 272 168 -9 191 259 -9 182 219 161 -9 264 260 242 247
S79 Atl_Shin_2_2017 111 179 160 206 261 236 268 162 255 167 255 -9 178 207 161 -9 -9 256 242 215
S79 Atl_Shin_2_2017 121 263 174 220 333 238 340 168 271 191 273 -9 196 213 161 -9 -9 260 298 219
S80 Atl_Shin_2_2017 117 163 166 166 269 236 276 168 247 159 255 276 182 -9 161 -9 244 256 254 215
S80 Atl_Shin_2_2017 131 243 180 186 325 258 332 168 279 159 275 324 186 -9 161 -9 256 256 286 215
S82 Atl_Shin_2_2017 121 195 166 206 249 230 -9 168 247 167 265 256 178 211 161 -9 256 260 254 239
S82 Atl_Shin_2_2017 143 275 176 216 249 240 -9 168 293 183 281 288 182 219 163 -9 256 260 266 249
S83 Atl_Shin_2_2017 117 191 174 154 277 234 280 166 271 183 -9 236 180 219 161 251 260 256 234 -9
S83 Atl_Shin_2_2017 117 271 174 170 313 238 320 168 301 195 -9 292 180 219 161 251 260 264 270 -9
S85 Atl_Shin_2_2017 119 179 178 180 265 238 272 168 -9 167 -9 288 180 211 161 -9 -9 260 234 215
S85 Atl_Shin_2_2017 143 235 178 186 309 250 316 170 -9 191 -9 312 184 229 161 -9 -9 260 286 215
S87 Atl_Shin_2_2017 121 166 174 156 317 -9 324 -9 -9 -9 -9 276 178 215 161 243 256 256 262 -9
S87 Atl_Shin_2_2017 125 211 178 200 341 -9 348 -9 -9 -9 -9 300 188 219 161 243 260 260 306 -9
S90 Atl_Shin_2_2017 111 231 178 184 289 238 296 168 -9 183 281 -9 180 -9 161 -9 264 260 -9 215
S90 Atl_Shin_2_2017 125 283 180 206 341 260 348 184 -9 191 281 -9 186 -9 163 -9 264 264 -9 257
S93 Atl_Shin_2_2017 117 179 176 144 261 238 268 168 271 167 261 276 182 -9 156 227 244 256 278 251
S93 Atl_Shin_2_2017 139 247 176 154 317 250 324 168 305 187 269 300 188 -9 161 235 244 260 278 291
S94 Atl_Shin_2_2017 117 179 -9 -9 313 234 -9 168 -9 179 -9 276 182 -9 156 -9 -9 256 -9 221
S94 Atl_Shin_2_2017 123 251 -9 -9 317 240 -9 168 -9 195 -9 288 184 -9 161 -9 -9 260 -9 257
S95 Atl_Shin_2_2017 113 243 176 166 309 236 316 172 247 187 285 280 188 211 161 235 256 256 270 217
S95 Atl_Shin_2_2017 117 247 178 210 309 238 316 174 263 243 285 304 190 213 161 243 260 260 270 217
S97 Atl_Shin_2_2017 117 191 160 170 325 236 332 168 -9 159 255 268 180 219 155 227 256 256 258 217
S97 Atl_Shin_2_2017 143 231 166 184 341 238 348 178 -9 171 273 280 182 219 161 235 264 260 262 217
