7	131	133	179	215	160	210	164	170	236	238	340	352	168	168	261	267	243	251	255	267	276	288
9	119	117	191	255	174	178	176	182	238	226	272	328	168	168	0	0	0	0	281	277	236	268
10	117	121	183	247	160	176	178	216	238	258	276	296	168	0	261	287	171	191	263	263	236	292
11	117	117	175	211	160	174	176	186	236	262	252	268	168	176	247	263	171	207	275	279	288	300
12	109	111	259	191	176	184	170	190	238	254	316	320	170	174	291	257	159	195	273	289	288	320
13	121	127	231	231	174	182	168	206	236	238	276	348	170	170	283	295	183	195	245	247	300	252
14	117	125	247	195	178	212	188	210	258	244	316	312	168	178	279	307	215	159	275	233	0	0
15	117	121	211	219	160	160	182	210	236	236	348	288	170	162	263	283	183	255	281	265	268	292
16	131	117	187	243	178	178	178	184	236	236	272	320	166	174	287	277	167	187	275	285	276	296
17	117	125	223	235	176	180	206	184	238	240	340	296	168	156	279	219	191	187	0	269	288	272
18	117	115	195	243	174	174	182	168	258	240	252	348	168	178	279	307	215	159	275	233	276	288
19	119	125	239	235	160	180	178	188	238	260	0	0	0	170	247	219	187	187	267	275	292	280
20	131	117	215	235	176	188	166	198	236	240	324	324	168	176	255	303	183	215	253	257	284	336
21	111	123	179	227	178	176	186	188	236	238	352	316	168	174	263	275	183	195	267	261	296	284
22	117	121	259	207	166	174	142	220	238	234	272	316	168	156	279	243	167	167	281	261	0	0
23	117	127	179	239	0	0	158	214	238	260	320	320	168	170	291	287	251	195	261	271	296	280
25	117	109	235	227	166	182	158	194	234	230	328	312	168	172	275	243	167	187	277	289	280	308
26	131	117	187	267	180	180	182	180	236	238	272	320	170	162	267	251	187	155	269	237	292	304
27	133	121	247	227	174	174	176	186	260	286	280	280	168	176	287	247	195	195	279	271	268	284
28	119	115	183	251	174	180	156	208	238	250	324	344	0	162	283	243	195	167	269	257	292	316
30	127	143	179	223	160	160	0	0	238	260	276	0	168	172	261	247	191	179	275	0	292	280
31	119	117	207	291	160	180	156	204	238	240	316	304	168	0	247	283	191	187	255	271	276	232
32	117	117	259	223	0	0	182	188	240	260	0	308	162	158	275	259	203	219	263	241	284	356
33	117	137	163	279	178	184	182	192	236	236	316	324	168	168	0	0	0	0	257	261	288	280
34	117	125	179	163	160	160	194	148	236	236	296	302	174	162	291	283	191	219	285	259	292	300
35	133	135	191	263	174	180	168	154	260	250	308	248	166	176	261	291	215	167	275	275	292	300
36	119	139	231	159	174	178	184	224	238	240	280	360	168	168	291	287	187	163	269	257	268	316
37	109	127	211	231	176	172	178	206	238	228	268	332	168	192	283	271	195	167	261	261	292	300
38	133	137	235	227	174	212	178	190	236	250	324	280	168	174	267	255	195	167	281	285	292	296
39	119	121	211	199	174	174	182	188	236	238	352	296	168	156	283	271	191	159	277	251	292	280
40	117	125	183	283	160	174	148	200	236	250	312	308	168	168	275	275	187	187	265	0	0	0
43	119	117	207	287	0	0	182	180	236	236	268	256	168	166	263	271	215	175	275	259	268	292
44	117	117	175	243	178	178	182	180	240	230	340	312	168	172	271	215	243	155	289	265	268	280
45	117	129	239	223	160	160	184	180	238	234	340	268	168	168	247	247	195	175	255	275	0	0
46	131	117	183	199	174	174	168	166	240	264	332	300	174	172	307	281	167	211	245	285	292	300
47	121	125	187	251	174	162	170	212	238	242	320	344	168	168	0	0	183	231	265	269	300	284
48	117	111	303	307	160	180	182	166	238	240	252	320	168	166	283	283	183	167	275	269	280	304
49	143	157	259	231	160	182	158	180	238	238	316	380	168	166	275	271	171	187	275	0	296	280
50	117	117	239	243	160	174	184	202	236	286	328	320	168	172	291	259	187	211	0	0	0	0
51	111	111	175	231	160	176	184	194	236	256	252	320	168	172	295	239	251	167	267	281	296	280
52	133	117	275	263	160	174	158	218	238	250	316	316	168	168	247	247	207	167	259	259	292	300
53	111	115	255	219	174	176	170	190	240	286	316	348	158	164	281	265	207	187	273	265	288	292
54	117	143	255	227	160	184	188	156	238	250	272	316	168	172	291	247	159	231	255	277	0	0
55	115	123	235	251	0	0	184	180	236	238	316	336	174	162	263	263	183	167	273	0	268	292
56	117	143	239	231	178	200	144	172	236	238	340	364	168	174	251	215	167	187	273	277	292	308
57	117	117	215	223	174	178	168	168	258	240	312	300	170	158	243	299	167	175	273	259	296	228
58	117	121	247	227	160	160	182	214	240	286	328	296	168	156	0	0	167	175	277	269	288	288
59	117	143	247	279	174	200	188	180	236	236	380	284	168	168	261	257	183	199	277	269	300	280
60	117	109	195	235	174	176	168	154	238	234	324	376	168	168	277	243	187	211	277	265	304	244
61	133	139	243	287	178	170	198	180	238	252	316	320	166	178	0	0	171	159	275	261	296	284
62	117	125	231	251	174	178	182	166	236	234	344	360	168	158	295	271	215	159	275	0	312	280
63	117	125	195	227	174	178	206	158	236	258	324	332	168	174	279	247	183	167	255	287	296	280
64	117	121	243	207	160	174	188	166	262	256	340	300	170	156	279	313	167	179	255	275	288	284
65	117	117	179	187	0	0	190	188	258	264	272	320	168	174	261	247	167	187	267	267	288	296
66	119	139	175	243	160	174	186	188	236	250	304	360	168	170	261	243	0	0	281	281	292	248
67	111	139	227	251	178	178	208	192	236	234	272	316	168	172	261	279	167	175	269	253	292	284
68	111	123	187	275	0	0	170	182	238	238	340	320	174	172	0	0	215	187	289	259	268	284
69	117	125	231	263	160	174	220	202	236	238	272	264	168	170	243	271	171	167	265	269	292	320
70	117	111	247	231	174	174	166	212	238	260	320	348	174	164	291	281	171	167	255	281	300	304
71	117	117	207	303	160	210	216	154	236	236	316	292	168	162	261	215	167	199	289	245	276	284
72	117	157	183	203	178	178	170	156	236	236	288	300	168	178	0	0	195	167	277	261	300	296
73	117	121	259	223	174	174	190	148	238	240	276	320	176	178	0	0	191	187	267	0	288	284
74	111	159	187	267	160	178	178	210	236	240	328	336	176	156	275	265	183	191	269	251	296	296
75	115	139	231	223	160	174	168	206	236	234	328	316	168	156	267	251	191	167	269	261	296	284
76	121	115	207	199	174	174	190	226	258	240	348	300	176	174	223	245	159	227	255	267	320	308
77	109	125	199	203	160	180	206	166	236	286	300	284	166	170	303	221	183	159	277	269	276	292
78	117	111	175	223	178	176	180	144	234	234	308	284	168	170	267	281	167	211	267	257	276	304
79	109	123	239	259	160	174	156	154	236	234	0	0	168	156	247	281	195	179	275	245	312	296
80	117	141	223	227	160	174	208	192	238	250	272	312	170	170	295	271	167	199	257	237	292	284
81	133	143	259	251	160	174	200	260	238	252	296	324	168	166	303	245	179	199	281	269	0	0
82	117	111	247	211	174	176	186	202	236	236	316	336	166	172	251	245	171	155	273	261	292	304
84	119	143	179	175	160	174	172	152	240	250	312	288	168	170	283	259	183	187	273	259	288	304
85	119	117	191	175	160	178	144	172	238	262	252	280	168	174	287	287	171	199	279	257	272	280
86	117	141	179	215	160	174	178	216	236	260	296	268	168	168	247	221	191	195	269	259	288	280
87	123	139	215	247	160	174	182	178	230	228	324	324	168	170	245	297	183	203	275	259	276	292
88	117	117	187	235	174	182	184	180	236	0	312	288	176	156	281	265	191	219	263	265	312	260
89	125	123	195	203	174	206	0	0	236	238	252	256	168	174	277	245	159	167	257	293	288	280
90	117	139	259	175	160	174	182	212	238	240	360	292	168	156	291	271	195	199	269	271	292	284
91	125	123	239	251	174	184	182	168	236	260	332	300	168	0	279	295	183	167	255	263	268	292
92	125	143	203	203	152	164	170	214	286	242	320	332	168	166	275	281	215	167	269	261	292	300
93	117	137	227	251	174	162	208	172	260	252	276	320	172	184	275	251	191	167	267	257	296	304
94	143	147	239	279	174	174	188	158	238	238	352	316	168	174	295	265	215	191	275	257	292	284
95	139	137	255	263	0	0	154	150	236	238	352	280	168	168	245	253	195	187	255	281	0	0
96	119	147	239	171	160	178	168	168	236	242	316	308	168	174	247	281	159	203	269	257	288	296
97	117	117	179	183	160	178	0	0	238	238	340	296	168	156	283	283	195	167	279	245	268	284
98	133	117	235	227	160	160	178	166	238	240	344	308	168	178	287	317	215	191	267	275	284	304
99	109	111	243	315	160	160	180	174	236	238	268	308	174	174	283	251	251	171	0	0	288	280
100	125	143	207	275	174	176	166	150	236	236	320	324	168	178	267	267	167	219	261	251	320	332
101	125	143	207	275	0	0	182	194	250	264	288	324	168	174	253	317	191	175	279	237	268	292
102	117	137	183	247	174	174	216	154	244	260	288	344	168	170	275	251	243	167	273	261	292	296
103	109	111	243	251	160	178	180	208	238	230	252	364	168	162	215	253	167	187	257	261	292	280
104	117	111	215	227	174	178	182	208	236	234	340	300	174	172	279	247	191	187	267	257	300	296
105	133	117	219	203	160	174	168	188	258	250	312	0	168	168	271	215	171	159	273	261	296	0
106	131	117	255	247	174	182	182	174	234	250	288	324	168	158	243	271	159	223	245	257	288	284
107	117	135	183	187	174	178	204	202	236	238	364	284	168	158	281	245	191	195	259	259	288	284
108	117	117	247	251	176	182	176	178	236	250	340	344	168	168	259	285	167	187	289	261	0	0
110	119	109	227	227	182	188	188	212	236	238	292	356	168	168	263	263	195	167	275	257	0	0
111	143	141	179	231	178	176	182	144	236	234	300	336	168	166	291	241	191	195	255	265	284	308
112	131	123	219	243	166	178	184	156	236	234	276	344	168	156	291	291	187	211	269	253	0	0
114	117	117	211	251	174	174	170	182	240	240	320	292	168	156	261	247	191	163	275	0	0	0
115	119	119	183	247	210	176	176	254	238	260	316	348	168	168	313	313	183	187	0	0	292	300
116	117	147	179	319	178	182	170	206	238	242	268	292	168	172	263	253	191	167	0	0	296	296
118	117	139	223	227	178	182	194	192	236	250	324	360	174	174	247	215	183	191	255	257	280	280
119	117	145	0	0	166	174	178	204	238	252	340	316	168	168	263	275	251	223	277	245	296	0
120	131	133	207	267	166	174	182	186	234	230	328	300	174	194	261	267	215	187	257	283	288	328
121	117	117	231	0	160	160	214	174	234	230	332	292	168	178	279	287	191	195	245	231	252	280
122	125	139	295	311	178	178	182	168	236	234	272	372	0	0	251	251	163	175	263	265	0	0
124	117	157	259	315	160	180	182	198	236	236	252	284	168	188	261	271	191	191	0	0	272	304
125	117	117	211	319	160	160	186	184	238	238	312	312	168	168	287	263	183	195	255	257	300	308
127	143	147	191	247	160	178	188	154	238	264	352	308	168	170	247	275	183	191	263	275	300	300
129	119	117	215	207	160	174	190	158	236	258	268	332	168	176	243	245	167	167	273	273	272	280
130	131	139	219	235	174	178	186	212	250	232	0	0	168	172	287	219	191	159	275	269	0	0
131	109	115	211	207	176	188	188	180	236	238	316	304	168	168	313	245	187	223	0	0	0	0
132	111	125	247	227	160	160	170	210	236	236	328	332	168	162	245	249	171	187	0	0	296	296
134	117	117	259	211	174	176	190	180	240	256	320	280	176	164	295	245	187	187	285	261	296	280
135	127	127	163	199	160	206	188	174	240	276	0	0	168	158	265	265	183	199	257	261	296	280
136	117	139	195	195	160	174	182	212	236	236	280	344	166	170	275	215	243	167	267	259	252	280
137	111	125	211	295	160	178	182	150	238	234	340	344	172	172	265	265	167	235	267	253	0	0
140	117	157	191	199	174	172	188	204	236	240	312	344	168	172	279	275	167	163	279	259	296	0
143	117	129	247	251	174	182	190	192	236	240	316	336	168	168	251	215	0	0	273	269	288	280
145	139	157	243	303	174	162	178	214	240	228	296	320	168	176	287	243	195	187	265	293	288	296
146	131	127	247	287	160	176	186	162	236	252	312	332	168	174	271	281	159	231	273	253	300	296
147	117	109	231	231	160	184	154	212	238	260	304	332	168	168	259	221	183	191	255	261	296	284
148	119	121	251	283	174	178	210	192	236	236	316	320	168	158	267	275	251	187	253	261	0	0
149	119	117	239	255	174	182	182	194	236	238	268	292	168	168	287	269	183	187	267	261	268	280
150	117	115	195	227	0	0	186	142	236	226	320	348	166	174	261	265	183	171	0	0	300	280
151	117	143	231	311	174	176	210	212	236	238	352	308	168	170	283	307	0	0	269	241	292	292
152	117	117	255	231	176	156	184	154	258	234	316	324	174	156	279	287	215	187	275	251	292	280
153	109	139	259	287	160	182	214	214	240	260	352	328	166	174	267	275	183	191	255	255	288	280
154	131	117	179	187	174	174	186	154	238	238	252	324	168	168	247	243	171	195	263	265	252	284
155	119	119	187	271	160	174	168	220	236	236	340	352	168	168	263	243	215	187	255	269	296	280
156	117	121	247	211	0	0	158	158	240	234	272	336	166	178	263	299	167	187	267	261	296	280
157	117	139	243	243	174	178	186	156	236	236	328	300	168	158	261	287	215	159	255	271	284	308
158	117	139	0	0	0	0	188	158	238	286	316	312	174	162	247	255	171	187	285	257	296	324
162	117	123	247	251	0	0	178	190	250	246	296	284	172	164	261	215	179	199	277	259	0	0
163	111	111	251	203	160	166	0	0	236	236	316	324	168	168	261	291	207	195	275	275	288	280
164	109	111	183	223	174	174	156	156	236	236	316	332	166	156	243	299	251	159	261	237	0	0
166	133	111	259	203	160	164	176	172	238	238	268	332	168	172	215	269	0	0	271	293	292	284
167	119	125	247	247	160	188	164	220	236	234	276	252	168	168	0	0	191	211	275	257	300	284
168	121	135	227	227	210	178	158	180	236	234	332	364	168	0	243	271	183	191	0	0	0	0
169	117	117	191	247	160	174	180	208	236	236	272	328	168	178	275	215	191	207	277	0	288	272
170	115	115	195	227	174	174	190	188	236	238	340	328	168	162	263	263	195	167	269	257	272	280
171	133	121	267	0	174	182	180	208	236	234	340	320	162	158	251	215	195	187	273	251	276	288
172	117	121	259	255	160	178	182	182	238	240	312	368	168	178	283	299	183	159	277	0	296	304
176	117	117	175	207	174	176	0	0	286	250	316	280	176	162	287	251	191	207	275	279	0	0
178	115	153	195	243	162	164	208	192	238	0	320	336	162	162	291	255	163	199	245	283	292	280
180	117	137	219	267	160	166	184	208	238	240	320	360	168	166	279	247	195	223	289	261	292	280
181	117	109	187	203	174	176	198	172	234	264	320	344	0	0	279	279	191	187	277	259	0	0
182	117	117	183	203	0	0	168	168	240	286	272	252	176	174	291	247	187	187	273	257	288	268
183	133	119	287	271	180	208	184	158	236	240	276	292	168	174	219	219	183	187	257	261	0	0
184	121	121	227	251	174	180	182	172	240	286	340	280	168	170	247	275	167	199	289	261	300	284
185	119	115	247	235	0	0	166	166	236	230	0	0	174	162	295	255	183	167	265	269	292	272
187	111	137	183	243	160	160	182	160	236	236	320	348	172	164	219	215	183	167	261	261	292	284
188	117	123	247	211	0	0	0	0	238	252	296	252	168	170	283	235	191	191	273	265	296	296
192	117	117	239	243	0	0	186	180	238	260	280	304	168	178	267	245	207	167	277	0	292	296
193	117	121	179	171	174	158	194	260	238	258	320	384	166	164	283	243	159	179	273	265	312	284
194	117	117	231	227	178	176	182	178	236	242	328	280	168	156	271	245	159	167	267	259	288	300
195	117	125	239	223	160	160	200	150	236	238	272	312	168	166	291	247	183	187	281	269	0	0
196	119	117	255	227	166	182	178	154	236	234	340	320	168	0	261	269	195	187	275	269	280	284
198	121	123	179	247	178	178	180	204	236	238	348	292	168	168	283	245	159	167	277	275	0	0
199	131	127	239	247	166	180	170	186	236	264	340	312	168	172	267	299	183	167	269	257	284	304
200	117	127	215	235	180	180	170	214	240	252	296	324	166	162	287	275	243	159	255	267	236	292
202	125	143	247	231	160	206	178	214	238	260	340	364	168	172	283	255	183	167	275	265	320	272
203	117	137	267	171	174	174	180	154	240	264	344	344	168	198	283	273	251	167	255	293	288	236
204	119	115	239	227	174	176	168	180	236	238	272	284	168	168	0	0	183	187	277	263	300	316
205	131	117	251	271	160	174	198	144	236	238	316	304	168	158	261	291	199	199	281	261	272	0
206	117	121	231	243	166	174	182	216	236	250	288	300	168	166	281	239	191	191	265	261	292	280
207	139	148	259	155	178	202	202	240	236	236	296	284	168	174	247	255	163	223	267	281	276	292
208	121	143	183	195	174	174	0	0	236	260	268	320	168	176	0	0	195	187	255	269	272	0
209	117	109	255	183	0	0	170	186	236	250	276	320	168	162	287	295	0	0	269	261	292	252
210	109	123	211	243	160	188	178	180	236	238	268	336	168	168	279	283	191	211	281	263	288	236
211	117	177	211	211	178	182	0	0	238	230	340	280	168	174	287	263	167	167	269	261	280	0
212	117	125	239	247	160	174	206	222	254	252	268	316	168	168	243	215	191	175	267	271	276	288
213	131	117	179	195	174	174	180	148	260	250	276	348	168	168	247	295	171	187	0	0	280	0
214	117	147	243	235	160	166	182	184	238	234	328	320	168	158	283	265	243	183	267	275	280	0
215	117	117	259	191	174	188	188	208	240	234	340	352	168	158	259	259	167	187	0	0	0	0
217	117	121	191	263	0	0	190	190	236	236	320	320	168	166	261	247	0	0	267	263	292	292
218	121	111	215	175	0	0	166	192	236	238	328	300	168	170	277	215	171	191	255	277	276	300
219	117	161	235	263	174	180	178	216	236	238	340	348	170	174	291	291	243	187	269	259	292	332
220	117	121	251	315	160	164	182	208	236	238	324	300	168	168	263	299	191	211	277	269	292	296
221	133	119	223	207	174	176	182	180	238	258	340	264	168	172	271	299	167	199	267	269	292	280
222	119	115	259	227	160	212	186	186	236	260	276	356	168	166	263	265	183	175	0	0	0	0
223	111	125	247	295	182	180	188	150	238	238	328	316	168	176	251	281	159	223	255	263	284	316
224	117	147	259	251	174	178	216	190	238	258	252	332	162	158	303	317	183	227	255	279	296	280
225	133	115	179	227	160	176	188	194	238	250	312	300	162	162	261	291	187	179	273	261	292	272
226	121	125	183	223	178	176	208	154	236	238	348	304	168	174	291	287	183	203	255	275	284	0
227	119	117	267	251	178	188	184	172	238	234	328	316	168	174	275	235	187	187	259	259	288	304
228	117	121	191	283	0	0	198	158	238	238	320	288	168	162	303	243	0	0	277	261	288	264
229	137	129	239	227	160	180	182	178	236	230	328	268	168	176	247	243	167	203	267	285	0	0
230	125	139	259	171	160	174	190	168	236	240	320	248	168	172	275	235	191	167	277	289	292	284
231	117	117	239	207	160	204	180	218	260	250	328	296	168	168	279	247	167	199	275	257	0	0
232	117	125	215	235	178	178	170	216	236	238	340	332	174	162	303	243	195	195	267	281	296	244
233	109	143	231	159	174	174	182	220	236	0	320	360	168	168	287	245	195	187	255	269	276	272
234	109	111	187	235	0	0	188	212	234	246	320	320	168	172	247	215	167	179	277	263	288	292
235	119	121	247	263	160	178	220	158	236	238	308	248	166	156	287	287	167	187	279	257	292	296
236	117	137	239	175	160	174	158	172	238	226	268	332	166	172	287	265	183	187	255	279	0	0
237	117	137	243	199	160	208	180	144	236	250	272	260	170	156	247	255	167	167	255	269	296	280
239	139	143	183	183	174	178	206	212	236	236	248	360	174	162	283	271	171	195	269	257	296	280
240	117	111	191	231	160	180	170	156	236	258	0	360	168	158	283	243	191	199	263	269	312	292
241	121	111	183	223	210	174	184	148	238	224	296	268	170	156	299	245	159	195	269	259	280	304
242	117	115	239	235	160	174	188	212	236	250	0	0	168	174	257	317	159	187	285	261	296	284
243	121	109	219	263	178	180	178	188	236	238	276	316	168	166	281	281	159	195	255	261	292	300
245	119	139	191	183	174	190	210	154	238	258	0	0	0	0	271	245	159	187	275	275	276	296
246	117	117	247	227	174	180	178	194	236	268	316	280	168	172	263	219	195	187	273	279	280	0
247	125	125	259	255	178	182	168	150	236	260	252	320	178	172	247	283	171	167	281	277	288	256
249	121	125	223	227	174	188	190	208	238	240	328	252	166	178	291	291	191	159	281	261	292	304
250	119	119	219	203	160	174	0	0	236	230	304	336	170	172	275	271	191	159	265	261	280	284
251	117	111	211	271	160	174	182	156	238	258	328	312	174	164	261	287	191	163	259	283	300	280
252	125	135	215	243	160	182	158	192	246	266	272	344	168	166	271	245	207	195	261	317	292	280
253	117	117	243	223	160	178	158	208	234	286	332	284	168	168	279	243	183	159	273	277	268	280
254	117	111	223	263	166	174	216	214	238	260	280	304	168	0	243	243	171	199	281	265	288	292
255	109	111	207	207	174	178	216	166	238	238	304	332	168	0	263	255	191	195	271	259	252	280
256	109	135	239	267	160	174	182	184	238	230	280	344	170	178	277	245	195	167	269	261	284	260
257	117	137	207	207	166	174	182	182	244	240	320	344	168	0	263	245	159	179	275	259	280	304
258	117	117	183	227	160	178	182	198	240	250	252	356	0	172	283	215	243	243	273	281	288	252
259	117	135	239	235	166	166	178	220	236	258	324	332	168	186	275	317	171	163	267	265	268	280
260	117	117	247	203	160	182	156	212	258	240	320	280	170	156	247	249	179	203	275	283	296	284
261	139	137	191	183	178	176	182	222	236	234	296	360	168	0	245	249	183	199	289	289	292	280
262	119	117	179	203	176	188	182	168	260	250	320	264	168	170	271	271	183	159	281	277	280	0
263	143	137	247	243	0	0	182	210	236	260	332	300	174	172	0	0	251	187	269	283	280	308
264	117	117	239	183	160	174	182	182	236	286	316	280	168	168	279	287	167	167	277	275	312	272
265	133	133	255	243	160	174	176	182	236	238	276	324	168	168	243	245	167	235	255	251	304	260
266	157	147	259	255	0	0	0	0	236	236	312	300	168	166	219	275	243	199	263	265	280	304
267	133	119	195	207	0	0	168	156	236	236	332	336	168	172	243	235	187	187	261	261	288	268
268	121	125	187	187	174	188	176	220	258	230	272	296	170	174	279	281	195	187	273	261	288	284
269	111	143	247	243	160	160	188	220	236	260	328	320	168	168	283	255	183	167	273	281	292	280
270	117	113	247	187	160	160	158	208	236	236	320	324	168	168	287	259	183	207	269	257	296	280
271	119	117	183	195	160	174	216	192	258	234	316	332	168	0	263	275	215	187	261	313	280	284
272	119	111	219	251	160	174	182	160	238	240	348	312	176	174	271	271	183	179	281	277	280	284
273	119	143	195	187	174	176	188	156	236	230	268	280	168	174	267	259	183	195	281	261	292	296
274	121	141	187	187	176	176	182	148	240	260	296	300	168	180	271	245	0	0	269	257	280	304
275	133	117	183	247	174	174	158	214	286	256	268	332	168	168	287	245	159	195	277	257	292	280
276	117	109	247	243	174	178	0	0	234	264	272	280	168	174	287	281	0	0	281	275	288	292
277	117	109	183	195	160	180	150	150	238	238	304	332	168	168	261	291	191	195	255	257	288	284
278	119	117	223	271	174	178	184	174	258	240	340	340	162	164	247	247	191	235	269	297	280	280
279	139	129	247	195	178	176	158	148	236	236	328	280	168	172	291	247	183	199	273	261	276	280
280	119	111	219	243	160	174	188	166	260	250	328	316	168	168	255	221	183	179	267	281	280	0
281	119	125	267	251	174	188	210	220	236	234	284	292	168	166	263	251	191	167	285	253	296	280
282	133	117	191	247	174	188	184	218	236	238	352	328	0	0	257	245	203	247	269	259	280	0
283	117	109	223	267	174	174	156	208	236	234	312	300	0	0	261	283	215	167	273	279	292	280
284	119	125	239	183	160	160	190	212	236	236	296	296	0	0	243	245	183	163	253	261	268	272
285	121	139	211	187	178	178	214	148	236	240	320	344	0	0	267	219	167	187	255	273	300	0
286	117	121	215	223	160	182	168	166	236	238	340	332	168	156	287	251	215	235	265	261	280	0
287	117	129	191	211	174	176	182	220	236	228	320	360	168	186	247	299	243	199	0	0	288	292
288	139	135	215	247	160	162	220	158	236	0	280	284	174	164	263	221	159	167	269	271	320	280
289	119	135	255	183	166	174	210	156	238	234	328	320	168	172	263	219	183	159	263	259	296	272
290	117	139	243	251	160	174	186	190	238	260	352	360	168	172	267	291	183	199	263	257	292	296
291	133	148	231	263	184	188	180	156	238	250	348	332	168	0	281	299	0	0	253	283	288	280
292	117	143	179	243	166	178	182	172	238	256	340	0	0	0	251	245	159	223	277	279	292	272
293	135	147	259	251	174	208	190	214	238	230	0	0	0	0	291	245	191	163	281	261	268	280
294	111	111	195	251	166	178	192	174	240	234	340	352	168	168	295	251	175	199	281	265	268	296
295	133	139	183	251	174	178	0	0	236	240	316	284	168	168	261	283	195	187	255	277	288	280
296	117	117	255	227	160	174	182	182	286	272	276	336	168	168	247	283	199	247	275	269	248	260
297	131	125	247	231	174	174	194	180	238	264	352	316	168	170	245	245	0	0	277	269	288	280
298	131	117	227	263	166	180	188	220	236	236	276	320	168	170	279	281	215	171	0	0	280	280
299	119	143	191	175	174	176	182	190	260	234	360	264	178	162	287	243	171	195	0	0	288	296
300	111	125	179	215	188	192	210	192	244	286	272	364	176	164	251	299	183	187	0	0	280	284
301	117	111	231	223	174	182	180	130	236	240	352	300	0	158	243	271	171	199	281	265	268	0
302	117	139	255	235	160	178	190	206	236	240	296	252	168	172	263	221	183	191	255	293	292	292
303	143	137	247	243	184	180	182	210	236	260	332	300	174	172	263	251	251	187	269	283	280	308
304	131	115	215	159	160	160	182	208	234	250	348	280	168	168	287	289	191	247	267	285	292	260
305	119	117	183	207	178	176	192	192	236	238	360	332	166	178	283	255	199	199	263	285	312	296
306	117	121	219	243	174	178	168	158	236	238	268	300	168	170	271	269	159	195	285	297	276	268
307	117	109	255	227	178	178	178	150	230	242	320	280	168	174	271	289	159	159	267	289	300	296
308	131	139	255	251	178	178	216	208	236	258	276	300	0	0	267	243	159	187	273	257	292	256
309	111	125	219	223	174	178	142	148	236	238	252	280	176	170	283	275	159	195	265	257	292	324
310	117	135	183	195	178	178	170	158	254	240	340	0	168	162	247	243	175	199	269	257	300	296
311	131	117	195	195	160	160	182	180	236	236	340	280	168	172	275	251	191	167	271	241	0	0
312	127	137	183	251	160	188	180	180	236	260	320	320	168	166	279	247	171	199	257	257	292	284
313	111	137	247	211	174	178	198	172	238	272	272	284	168	168	247	263	191	159	259	259	288	304
314	121	139	255	247	174	184	166	154	238	250	320	300	168	174	251	289	243	223	267	261	268	0
315	119	115	223	207	166	208	186	180	238	240	272	348	168	174	267	243	159	195	285	285	276	0
316	147	145	263	203	160	174	158	180	236	286	320	300	178	172	255	271	171	195	255	257	288	296
317	117	143	207	267	178	176	178	148	236	250	272	316	168	172	247	283	167	187	255	263	292	280
318	131	125	255	267	160	160	182	204	236	236	252	300	168	170	251	289	183	183	0	0	296	304
319	121	121	239	235	174	180	206	150	240	260	360	332	166	156	289	301	183	159	255	269	320	284
320	117	109	191	235	160	166	166	204	236	280	328	364	170	170	279	291	187	187	281	275	288	296
321	111	125	247	203	166	164	186	200	238	258	272	328	168	174	275	281	183	159	267	259	276	0
322	117	129	183	263	178	180	182	184	236	238	276	332	168	166	283	289	183	215	265	261	276	280
323	125	135	259	219	176	182	188	154	236	236	340	328	168	168	247	243	167	211	255	275	276	284
324	121	115	247	231	160	174	176	206	238	244	252	280	168	0	247	221	195	167	255	269	292	280
325	119	123	239	259	0	0	166	220	260	228	320	320	168	172	247	243	251	163	255	269	300	264
326	133	117	191	187	178	162	156	148	238	238	276	320	168	160	283	289	0	0	257	259	276	284
328	117	117	231	271	174	184	194	192	238	262	252	280	168	168	263	263	191	187	267	261	288	296
329	119	117	283	287	166	174	166	152	238	286	316	332	174	180	271	305	187	211	271	237	292	284
330	117	139	219	267	0	0	180	192	238	250	340	344	156	184	267	279	191	199	285	261	292	284
331	117	115	219	223	160	160	210	162	238	286	352	320	168	162	267	317	187	163	293	305	320	308
332	117	147	247	207	166	174	186	188	238	240	316	288	168	168	287	219	183	199	245	271	296	280
S1	117	117	243	251	0	0	182	182	236	246	340	300	168	176	267	271	167	167	277	269	0	0
S100	119	117	259	219	174	178	190	166	236	238	296	372	168	174	0	0	171	191	255	275	288	316
S101	117	145	247	243	174	178	198	224	238	238	364	388	168	172	243	259	171	191	255	275	288	316
S11	117	143	227	227	0	0	0	0	238	286	320	312	174	162	271	217	167	199	255	261	312	292
S12	117	111	183	223	160	176	176	176	236	238	348	312	168	170	279	263	211	199	275	243	276	268
S13	125	125	239	231	174	176	200	174	236	252	328	324	168	158	279	247	167	167	253	257	288	284
S14	133	125	179	183	166	166	198	154	236	256	352	316	168	166	259	289	171	191	277	269	288	300
S15	111	123	183	227	178	176	188	188	236	238	364	260	0	0	255	251	183	159	285	269	288	268
S19	119	141	259	299	174	170	182	182	240	240	340	300	0	0	279	247	251	183	285	257	276	308
S20	117	139	231	267	174	178	182	172	260	234	320	280	168	164	0	0	159	199	277	289	292	264
S21	117	143	255	243	0	0	158	194	236	286	348	332	168	176	247	275	167	211	275	261	0	0
S22	125	139	259	203	160	174	180	222	236	240	320	356	174	172	263	263	191	167	267	241	272	308
S25	117	117	247	251	174	174	186	180	238	238	296	296	168	166	263	263	159	203	255	265	288	296
S26	117	121	255	235	160	174	144	144	236	238	312	324	170	174	251	217	187	223	269	259	280	308
S27	111	111	231	251	174	176	194	160	238	250	328	268	168	168	279	275	171	167	255	285	288	280
S28	119	139	231	227	176	188	172	196	260	252	316	308	168	178	247	283	195	163	245	253	288	300
S29	117	121	179	263	0	0	204	222	238	238	352	0	174	164	255	259	183	167	281	269	292	308
S30	131	117	259	251	160	166	0	0	238	240	328	312	168	168	287	275	195	199	281	299	328	324
S31	131	117	259	251	178	182	0	0	258	240	328	312	168	168	283	271	0	0	289	285	284	0
S36	117	111	219	166	174	182	220	174	236	236	320	284	174	162	247	217	243	211	273	269	292	328
S38	117	121	183	199	174	174	182	204	240	256	252	332	168	168	259	289	211	211	273	0	292	272
S39	133	117	267	271	0	0	168	168	238	246	328	312	170	162	267	263	0	0	269	259	288	304
S4	123	137	195	263	176	182	180	192	240	250	320	256	168	176	271	289	0	0	275	269	312	304
S40	117	135	183	271	160	162	0	0	236	240	296	332	168	162	283	313	167	187	255	269	288	292
S41	117	139	259	243	0	0	156	160	236	258	0	332	168	174	267	305	191	199	255	263	296	296
S42	133	115	191	183	0	0	186	208	236	234	328	312	162	172	283	301	159	167	277	269	280	280
S44	117	135	255	183	174	188	182	220	236	238	328	336	166	162	279	305	183	167	263	257	284	0
S45	117	125	219	223	160	164	188	222	236	238	328	300	168	176	247	301	159	187	263	257	288	292
S46	119	145	247	231	174	176	166	166	258	254	280	264	176	162	279	265	203	203	285	269	288	292
S47	133	117	183	163	174	182	182	154	236	236	276	312	168	158	243	271	191	195	265	269	236	0
S51	119	139	187	187	174	174	156	150	236	286	300	356	168	158	263	275	159	195	267	269	288	300
S52	117	147	195	223	174	162	182	144	236	240	328	288	168	158	279	259	167	187	265	329	288	292
S53	117	137	183	243	0	0	180	212	236	254	328	296	168	168	255	271	183	199	279	245	280	328
S55	109	135	183	195	160	174	182	182	236	260	340	312	174	156	247	301	179	211	275	279	276	304
S58	117	121	179	255	160	174	182	192	238	260	340	312	174	156	0	0	179	211	275	279	276	304
S6	117	125	179	183	178	180	186	180	258	262	320	336	172	172	267	251	167	187	277	245	284	304
S61	119	125	207	283	152	164	170	168	236	240	320	332	168	174	263	251	195	163	257	237	272	0
S62	119	117	191	207	174	178	188	180	236	250	252	320	166	176	257	271	187	187	275	269	292	284
S64	119	119	191	183	174	188	178	208	236	230	340	332	174	194	279	247	0	0	259	251	292	280
S66	117	125	215	183	174	176	216	180	264	280	272	320	168	156	283	301	195	187	277	269	268	292
S67	117	139	191	251	174	174	182	190	258	286	316	0	0	0	279	251	195	163	245	245	0	0
S68	119	127	179	247	174	176	164	216	236	238	316	364	168	168	263	299	191	167	277	271	268	292
S69	117	137	211	271	180	180	188	180	240	250	316	344	176	172	259	289	163	223	265	271	292	284
S76	117	121	231	235	174	162	184	154	240	234	272	252	168	168	0	0	191	187	245	259	292	0
S79	121	111	179	263	160	174	206	220	236	238	340	268	168	162	255	271	191	167	255	273	268	0
S80	131	117	243	163	166	180	186	166	236	258	276	332	168	168	279	247	159	159	255	275	276	324
S82	121	143	195	275	166	176	216	206	240	230	0	256	168	168	247	293	183	167	281	265	288	256
S83	117	117	191	271	174	174	170	154	238	234	320	280	168	166	271	301	183	195	0	253	236	292
S85	119	143	179	235	178	178	186	180	238	250	272	316	168	170	0	0	191	167	0	0	288	312
S90	111	125	231	283	178	180	206	184	238	260	296	348	168	184	0	0	183	191	281	281	0	256
S93	117	139	179	247	176	176	154	144	238	250	268	324	168	168	271	305	167	187	269	261	276	300
S95	117	113	247	243	178	176	210	166	236	238	316	316	174	172	247	263	243	187	285	285	280	304
S97	117	143	191	231	160	166	170	184	236	238	348	332	168	178	0	0	171	159	255	273	268	280
