70	111	117	231	247	174	174	166	212	238	260	320	348	164	174	281	291	167	171	255	281	300	304	0	0	215	215	156	161	235	243	256	256	213	221
71	117	117	207	303	160	210	154	216	236	236	292	316	162	168	215	261	167	199	245	289	276	284	182	184	213	217	163	163	219	227	256	260	215	247
72	117	157	183	203	178	178	156	170	236	236	288	300	168	178	0	0	167	195	261	277	300	296	182	186	0	0	156	161	235	243	256	264	0	0
73	117	121	223	259	174	174	148	190	238	240	320	276	178	176	0	0	187	191	0	0	284	288	180	190	213	217	161	161	235	243	256	260	217	283
74	111	159	187	267	160	178	178	210	236	240	328	336	176	156	265	275	191	183	251	269	296	296	0	0	217	211	161	155	235	267	260	264	215	215
75	115	139	231	223	174	160	168	206	236	234	316	328	168	156	251	267	167	191	261	269	284	296	0	0	215	215	161	155	243	243	260	264	0	0
76	121	115	207	199	174	174	190	226	240	258	348	300	174	176	223	245	159	227	255	267	308	320	180	188	217	219	161	155	235	243	260	260	221	211
77	109	125	203	199	160	180	166	206	236	286	300	284	166	170	221	303	183	159	277	269	276	292	180	180	215	211	161	155	243	243	260	264	0	0
78	111	117	223	175	178	176	144	180	234	234	284	308	168	170	281	267	167	211	267	257	304	276	182	180	0	0	0	0	235	243	260	260	211	253
79	109	123	259	239	174	160	154	156	236	234	0	0	168	156	281	247	195	179	245	275	296	312	0	0	215	217	161	161	243	243	260	264	221	211
80	117	141	223	227	174	160	192	208	238	250	272	312	170	170	271	295	167	199	257	237	284	292	190	188	219	219	161	155	235	243	256	260	0	0
81	133	143	259	251	174	160	200	260	238	252	296	324	168	166	245	303	199	179	281	269	0	0	178	178	217	219	161	161	235	243	256	260	283	273
82	111	117	247	211	174	176	186	202	236	236	316	336	166	172	251	245	171	155	261	273	304	292	0	0	211	219	161	161	235	243	260	264	215	207
84	143	119	175	179	174	160	152	172	240	250	288	312	168	170	259	283	187	183	273	259	304	288	186	178	225	227	156	161	235	243	260	260	0	0
85	117	119	175	191	160	178	144	172	238	262	252	280	174	168	287	287	171	199	257	279	272	280	182	178	213	213	161	161	235	267	260	264	213	205
86	117	141	179	215	174	160	216	178	260	236	296	268	168	168	221	247	195	191	269	259	288	280	184	186	217	219	161	161	243	243	256	260	0	0
87	139	123	247	215	174	160	178	182	228	230	324	324	168	170	245	297	183	203	275	259	276	292	184	188	0	0	161	163	235	243	260	260	213	205
88	117	117	187	235	174	182	180	184	0	0	288	312	176	156	281	265	191	219	263	265	312	260	186	188	0	0	161	155	243	243	256	260	0	0
89	125	123	203	195	174	206	0	0	238	236	252	256	174	168	245	277	167	159	257	293	288	280	184	190	215	217	161	161	235	243	260	264	221	211
90	117	139	259	175	174	160	212	182	238	240	292	360	168	156	291	271	199	195	269	271	284	292	188	192	215	217	161	161	243	243	256	256	221	211
91	125	123	239	251	174	184	168	182	260	236	300	332	0	0	295	279	167	183	255	263	292	268	182	180	215	213	161	163	235	243	260	264	215	255
92	125	143	203	203	152	164	170	214	286	242	320	332	168	166	281	275	167	215	261	269	300	292	182	190	0	0	161	163	235	243	264	264	0	0
93	117	137	227	251	174	162	208	172	260	252	320	276	172	184	275	251	167	191	267	257	304	296	0	0	211	219	161	155	243	243	256	260	0	0
94	143	147	239	279	174	174	158	188	238	238	316	352	174	168	265	295	191	215	257	275	284	292	180	188	217	217	161	155	235	243	256	260	221	211
95	139	137	255	263	0	0	154	150	238	236	280	352	168	168	245	253	195	187	255	281	0	0	0	0	0	0	161	161	243	243	256	260	215	283
96	119	147	239	171	160	178	168	168	236	242	316	308	174	168	281	247	159	203	269	257	296	288	186	186	0	0	161	155	0	0	260	260	221	211
97	117	117	183	179	160	178	0	0	238	238	296	340	168	156	283	283	167	195	245	279	284	268	0	0	215	219	161	163	235	235	260	260	217	217
98	117	133	227	235	160	160	166	178	238	240	308	344	168	178	287	317	191	215	267	275	304	284	0	0	217	219	161	161	235	235	256	260	213	215
99	111	109	243	315	160	160	180	174	238	236	308	268	174	174	251	283	171	251	0	0	288	280	182	184	215	215	161	157	243	243	256	260	221	257
100	125	143	207	275	174	176	166	150	236	236	320	324	168	178	267	267	167	219	261	251	320	332	186	180	217	211	156	161	243	243	260	264	221	221
101	125	143	207	275	0	0	182	194	250	264	288	324	174	168	253	317	191	175	237	279	292	268	186	180	215	217	161	163	235	311	256	260	213	221
39	121	119	199	211	174	174	182	188	238	236	296	352	168	156	271	283	191	159	277	251	292	280	180	188	0	0	156	161	235	243	260	260	217	217
40	117	125	183	283	174	160	148	200	236	250	308	312	168	168	275	275	187	187	0	0	0	0	184	190	0	0	161	161	235	235	256	256	0	0
43	117	119	207	287	0	0	180	182	236	236	268	256	168	166	271	263	215	175	275	259	292	268	0	0	0	0	156	161	235	243	260	260	285	285
44	117	117	175	243	178	178	180	182	240	230	312	340	168	172	215	271	155	243	289	265	280	268	186	178	0	0	156	161	0	0	260	260	0	0
45	117	129	223	239	160	160	180	184	238	234	268	340	168	168	247	247	195	175	255	275	0	0	0	0	211	211	161	155	235	243	260	264	0	0
46	117	131	183	199	174	174	166	168	240	264	300	332	174	172	281	307	167	211	245	285	300	292	184	186	213	217	161	155	235	243	260	260	0	0
47	121	125	187	251	174	162	212	170	238	242	320	344	168	168	0	0	183	231	269	265	300	284	0	0	213	217	161	161	235	243	256	260	217	217
48	111	117	303	307	160	180	166	182	238	240	320	252	168	166	283	283	167	183	269	275	304	280	0	0	0	0	161	155	235	243	256	260	213	217
49	157	143	231	259	160	182	180	158	238	238	316	380	168	166	275	271	171	187	0	0	296	280	0	0	0	0	161	161	243	227	256	264	0	0
51	111	111	231	175	160	176	184	194	236	256	320	252	168	172	295	239	167	251	281	267	296	280	0	0	215	219	156	161	235	247	260	260	0	0
52	117	133	263	275	174	160	158	218	238	250	316	316	168	168	247	247	167	207	259	259	300	292	0	0	215	211	156	161	243	243	256	260	0	0
53	111	115	255	219	174	176	170	190	240	286	348	316	164	158	281	265	187	207	273	265	288	292	190	188	213	217	156	161	243	267	260	260	0	0
54	117	143	227	255	160	184	156	188	238	250	316	272	168	172	291	247	159	231	255	277	0	0	0	0	217	219	156	161	235	235	256	264	0	0
55	115	123	251	235	0	0	180	184	238	236	316	336	174	162	263	263	167	183	0	0	292	268	0	0	211	211	161	161	243	243	256	260	0	0
56	117	143	231	239	178	200	144	172	238	236	340	364	174	168	215	251	167	187	277	273	308	292	182	188	217	217	156	161	235	243	256	264	215	215
57	117	117	223	215	174	178	168	168	240	258	300	312	170	158	243	299	167	175	273	259	296	228	182	184	215	219	161	163	235	243	260	260	0	0
58	117	121	247	227	160	160	182	214	240	286	328	296	168	156	0	0	167	175	277	269	288	288	188	188	217	225	161	161	235	243	260	260	215	217
59	117	143	247	279	174	200	180	188	236	236	284	380	168	168	261	257	199	183	277	269	300	280	0	0	0	0	161	163	227	319	260	260	0	0
60	117	109	235	195	174	176	154	168	238	234	324	376	168	168	277	243	187	211	277	265	304	244	182	186	217	211	161	163	235	243	260	264	0	0
61	139	133	243	287	178	170	180	198	238	252	320	316	178	166	0	0	171	159	261	275	284	296	182	188	217	219	161	161	235	243	260	264	215	249
62	117	125	231	251	174	178	166	182	236	234	344	360	168	158	271	295	159	215	0	0	312	280	182	196	215	219	161	161	235	243	260	260	215	255
63	117	125	227	195	174	178	206	158	236	258	324	332	174	168	247	279	167	183	255	287	296	280	182	184	217	217	161	163	235	267	260	260	0	0
64	117	121	207	243	174	160	166	188	262	256	300	340	156	170	279	313	167	179	255	275	284	288	180	196	217	217	161	155	243	319	256	256	0	0
65	117	117	187	179	0	0	190	188	258	264	320	272	174	168	261	247	167	187	267	267	296	288	0	0	211	219	161	161	235	295	256	260	0	0
67	111	139	227	251	178	178	192	208	236	234	316	272	168	172	261	279	167	175	269	253	284	292	0	0	211	211	161	163	235	227	264	264	0	0
68	111	123	187	275	0	0	170	182	238	238	320	340	174	172	0	0	187	215	289	259	284	268	180	180	0	0	156	161	235	267	256	260	0	0
69	117	125	231	263	174	160	202	220	238	236	272	264	168	170	271	243	167	171	269	265	320	292	182	180	215	217	161	161	235	235	260	264	0	0
192	117	117	239	243	0	0	180	186	238	260	280	304	168	178	267	245	167	207	0	0	296	292	182	184	217	219	156	161	227	227	0	0	215	217
193	117	121	179	171	174	158	260	194	238	258	320	384	164	166	283	243	159	179	273	265	284	312	196	176	217	217	156	161	235	243	256	256	215	215
194	117	117	231	227	178	176	178	182	236	242	328	280	168	156	245	271	167	159	267	259	300	288	188	178	217	217	156	161	235	235	256	260	215	291
195	117	125	223	239	160	160	200	150	238	236	272	312	168	166	291	247	187	183	281	269	0	0	182	186	217	217	156	161	0	0	256	260	211	291
196	117	119	227	255	182	166	154	178	236	234	320	340	0	0	261	269	195	187	269	275	284	280	182	188	211	219	161	161	235	243	256	260	221	217
198	121	123	247	179	178	178	180	204	238	236	348	292	168	168	245	283	167	159	277	275	0	0	0	0	0	0	161	161	243	243	260	260	221	215
206	117	121	231	243	174	166	216	182	236	250	288	300	168	166	281	239	191	191	261	265	292	280	184	190	217	221	161	161	235	243	260	260	215	291
207	139	148	259	155	178	202	202	240	236	236	284	296	174	168	247	255	163	223	281	267	276	292	186	190	227	209	161	155	235	243	256	260	217	251
208	121	143	183	195	174	174	0	0	260	236	320	268	168	176	0	0	195	187	255	269	0	0	180	188	213	219	161	155	235	243	260	264	221	221
224	117	147	259	251	174	178	216	190	238	258	252	332	162	158	303	317	183	227	255	279	296	280	180	188	211	211	161	163	235	335	260	264	217	217
225	115	133	227	179	160	176	188	194	238	250	300	312	162	162	291	261	187	179	261	273	292	272	186	192	211	211	161	157	235	243	256	260	217	217
226	121	125	183	223	178	176	154	208	238	236	348	304	174	168	291	287	183	203	255	275	0	0	182	180	219	219	156	161	243	243	256	260	215	217
227	117	119	267	251	178	188	172	184	238	234	316	328	174	168	275	235	187	187	259	259	304	288	186	178	213	217	161	161	243	243	260	264	217	211
228	117	121	191	283	0	0	158	198	238	238	320	288	162	168	303	243	0	0	261	277	288	264	180	188	0	0	156	161	243	243	0	0	217	181
229	137	129	239	227	160	180	178	182	236	230	328	268	168	176	247	243	167	203	267	285	0	0	182	188	215	219	161	161	0	0	260	260	213	215
230	139	125	259	171	174	160	190	168	236	240	320	248	168	172	275	235	167	191	289	277	284	292	180	190	217	211	156	161	243	243	256	260	217	177
231	117	117	207	239	160	204	180	218	260	250	328	296	168	168	247	279	167	199	257	275	0	0	180	200	217	219	156	161	235	243	256	260	215	215
232	117	125	215	235	178	178	216	170	238	236	332	340	174	162	303	243	195	195	281	267	296	244	184	178	215	217	161	165	0	0	256	260	213	213
233	109	143	231	159	174	174	182	220	0	0	320	360	168	168	245	287	195	187	255	269	276	272	182	180	213	219	161	161	235	243	260	264	221	217
234	111	109	187	235	0	0	212	188	234	246	320	320	168	172	215	247	167	179	277	263	288	292	184	186	213	219	156	161	243	247	256	264	215	215
235	121	119	247	263	160	178	158	220	238	236	308	248	156	166	287	287	167	187	257	279	296	292	182	190	211	225	156	161	235	243	256	260	215	215
236	117	137	175	239	174	160	172	158	238	226	268	332	166	172	265	287	187	183	255	279	0	0	182	180	215	211	156	161	243	243	256	256	213	289
237	117	137	199	243	160	208	144	180	236	250	272	260	156	170	247	255	167	167	255	269	296	280	186	190	211	219	161	161	235	243	260	260	251	177
239	139	143	183	183	174	178	212	206	236	236	360	248	174	162	271	283	171	195	269	257	296	280	188	192	215	217	163	165	235	243	260	260	221	221
240	111	117	231	191	160	180	156	170	236	258	0	0	168	158	283	243	199	191	269	263	292	312	180	188	219	219	156	161	235	243	260	264	215	215
176	117	117	207	175	174	176	0	0	286	250	316	280	162	176	251	287	191	207	275	279	0	0	182	188	215	213	156	161	235	243	256	264	217	217
178	115	153	243	195	164	162	192	208	0	0	320	336	162	162	291	255	199	163	245	283	292	280	182	188	217	211	156	161	243	319	256	260	217	217
180	117	137	267	219	160	166	208	184	238	240	320	360	168	166	247	279	195	223	289	261	292	280	180	188	215	217	161	161	243	243	260	264	215	283
181	117	109	203	187	174	176	172	198	234	264	320	344	0	0	279	279	187	191	277	259	0	0	182	182	215	219	161	161	243	243	256	260	283	291
182	117	117	183	203	0	0	168	168	240	286	272	252	174	176	291	247	187	187	257	273	288	268	182	196	217	219	161	163	0	0	260	264	213	217
183	133	119	287	271	180	208	184	158	236	240	292	276	174	168	219	219	187	183	261	257	0	0	188	188	215	217	161	161	0	0	256	256	215	215
184	121	121	227	251	174	180	172	182	240	286	280	340	168	170	275	247	167	199	289	261	300	284	190	188	215	213	156	161	235	243	256	260	283	255
187	111	137	183	243	160	160	182	160	236	236	320	348	164	172	215	219	167	183	261	261	284	292	182	184	217	219	156	161	235	267	256	260	217	283
188	117	123	247	211	0	0	0	0	238	252	296	252	168	170	283	235	191	191	273	265	296	296	180	200	0	0	161	161	235	267	256	264	213	213
199	127	131	247	239	180	166	170	186	236	264	312	340	168	172	267	299	167	183	269	257	304	284	182	184	215	217	156	161	243	243	256	260	221	215
200	117	127	215	235	180	180	170	214	240	252	296	324	162	166	275	287	159	243	255	267	292	236	190	178	217	219	156	161	243	243	256	260	217	283
201	111	117	251	255	174	174	182	188	236	240	0	0	168	168	243	255	167	171	0	0	0	0	182	196	217	211	156	161	235	243	260	260	215	257
202	125	143	231	247	160	206	178	214	238	260	340	364	168	172	283	255	167	183	275	265	320	272	186	196	217	193	156	161	235	235	256	260	283	181
203	117	137	267	171	174	174	154	180	240	264	344	344	168	198	283	273	167	251	255	293	288	236	182	184	217	217	156	161	0	0	260	264	249	251
204	115	119	239	227	174	176	168	180	238	236	284	272	168	168	0	0	187	183	277	263	300	316	182	186	0	0	156	161	243	243	260	260	283	285
205	117	131	251	271	174	160	144	198	238	236	316	304	168	158	291	261	199	199	281	261	0	0	196	194	215	215	161	161	243	227	260	260	215	207
210	109	123	211	243	160	188	178	180	238	236	336	268	168	168	283	279	191	211	281	263	288	236	182	190	211	211	161	155	235	243	260	260	283	211
211	117	177	211	211	178	182	0	0	238	230	280	340	174	168	287	263	167	167	261	269	0	0	188	188	0	0	161	155	243	243	260	264	217	283
212	117	125	247	239	174	160	206	222	252	254	316	268	168	168	215	243	191	175	267	271	276	288	0	0	211	219	161	163	235	267	256	256	217	217
213	117	131	179	195	174	174	148	180	260	250	348	276	168	168	247	295	171	187	0	0	0	0	182	196	215	215	161	161	235	243	256	260	221	283
214	117	147	243	235	160	166	182	184	238	234	320	328	168	158	265	283	183	243	267	275	0	0	184	194	211	219	161	161	235	243	260	260	257	291
215	117	117	259	191	174	188	208	188	240	234	352	340	168	158	259	259	167	187	0	0	0	0	0	0	217	209	161	161	243	243	256	264	221	283
217	117	121	191	263	0	0	190	190	236	236	320	320	168	166	261	247	0	0	267	263	292	292	184	188	0	0	161	161	243	243	0	0	217	217
218	111	121	175	215	0	0	166	192	238	236	300	328	168	170	215	277	171	191	255	277	300	276	186	226	215	211	161	155	0	0	0	0	221	221
219	117	161	235	263	174	180	216	178	238	236	348	340	174	170	291	291	187	243	269	259	292	332	182	182	213	217	161	161	243	243	256	256	217	217
220	117	121	251	315	160	164	208	182	238	236	300	324	168	168	263	299	191	211	277	269	296	292	188	188	213	217	161	155	243	243	260	268	211	255
221	133	119	207	223	174	176	180	182	238	258	340	264	168	172	271	299	167	199	269	267	292	280	188	188	213	219	161	161	235	235	260	264	217	217
222	115	119	259	227	160	212	186	186	260	236	276	356	168	166	265	263	183	175	0	0	0	0	182	188	217	217	156	161	243	243	260	260	257	285
223	111	125	247	295	180	182	188	150	238	238	316	328	168	176	281	251	159	223	255	263	284	316	186	188	215	225	161	163	235	227	256	264	215	215
241	111	121	183	223	174	210	148	184	238	224	296	268	156	170	245	299	195	159	269	259	304	280	184	188	213	211	156	161	243	267	260	264	249	249
242	117	115	239	235	174	160	212	188	236	250	0	0	174	168	317	257	187	159	261	285	284	296	182	186	213	217	156	161	0	0	256	260	217	217
245	139	119	183	191	174	190	154	210	238	258	0	0	0	0	245	271	187	159	275	275	276	296	188	176	217	217	156	161	0	0	260	264	215	217
246	117	117	247	227	174	180	178	194	236	268	316	280	168	172	263	219	195	187	273	279	0	0	188	178	217	225	161	161	243	243	264	264	221	217
247	125	125	259	255	178	182	168	150	260	236	320	252	178	172	247	283	167	171	281	277	288	256	184	188	215	217	156	161	235	243	256	260	217	251
249	121	125	223	227	174	188	190	208	238	240	328	252	178	166	291	291	191	159	281	261	304	292	182	188	211	219	156	161	243	243	256	264	213	213
251	111	117	211	271	174	160	156	182	238	258	328	312	164	174	261	287	191	163	259	283	300	280	188	188	217	211	156	161	235	243	256	256	221	221
252	125	135	243	215	160	182	192	158	246	266	272	344	168	166	245	271	195	207	261	317	292	280	186	180	219	219	161	161	235	227	256	260	213	221
253	117	117	223	243	160	178	208	158	234	286	284	332	168	168	279	243	183	159	277	273	280	268	0	0	215	219	161	163	243	319	264	264	213	255
255	111	109	207	207	174	178	166	216	238	238	332	304	0	0	263	255	195	191	259	271	280	252	190	178	217	211	161	161	235	243	256	260	213	251
257	117	137	207	207	174	166	182	182	240	244	320	344	0	0	245	263	159	179	275	259	304	280	186	180	211	219	156	161	235	243	256	260	217	217
258	117	117	183	227	160	178	182	198	240	250	252	356	0	0	215	283	243	243	281	273	288	252	184	186	211	219	156	161	235	243	268	272	215	251
259	117	135	239	235	166	166	178	220	236	258	324	332	168	186	275	317	171	163	267	265	280	268	190	196	211	221	156	161	235	235	0	0	213	221
260	117	117	247	203	160	182	212	156	240	258	320	280	156	170	247	249	179	203	275	283	284	296	186	188	213	217	161	161	251	259	0	0	213	217
261	139	137	183	191	178	176	182	222	236	234	296	360	0	0	245	249	199	183	289	289	292	280	188	188	0	0	161	161	235	243	0	0	217	283
262	117	119	203	179	176	188	168	182	260	250	320	264	168	170	271	271	183	159	281	277	0	0	182	184	211	219	161	157	235	235	256	256	215	215
263	143	137	247	243	0	0	210	182	260	236	300	332	174	172	0	0	187	251	269	283	308	280	182	180	215	211	156	161	235	243	260	260	221	217
264	117	117	183	239	174	160	182	182	236	286	316	280	168	168	287	279	167	167	277	275	312	272	0	0	215	217	161	161	235	243	260	260	217	211
265	133	133	243	255	174	160	182	176	238	236	276	324	168	168	245	243	167	235	255	251	304	260	180	188	219	225	156	161	243	243	256	260	215	289
266	157	147	259	255	0	0	0	0	236	236	300	312	168	166	275	219	199	243	263	265	304	280	190	178	217	225	156	161	235	243	260	260	221	249
267	133	119	207	195	0	0	156	168	236	236	336	332	168	172	243	235	187	187	261	261	288	268	184	180	217	217	161	157	235	243	260	264	221	283
268	121	125	187	187	174	188	220	176	258	230	272	296	174	170	281	279	195	187	261	273	284	288	180	188	217	219	161	161	235	235	260	260	217	179
277	117	109	183	195	160	180	150	150	238	238	332	304	168	168	291	261	195	191	255	257	284	288	182	180	217	211	161	155	243	243	260	260	215	249
332	117	147	247	207	174	166	186	188	238	240	316	288	168	168	287	219	199	183	245	271	296	280	182	190	211	211	156	161	0	0	264	264	215	217
278	117	119	223	271	174	178	184	174	240	258	340	340	164	162	247	247	191	235	269	297	280	280	184	180	215	211	161	161	235	243	256	260	221	215
279	139	129	247	195	178	176	148	158	236	236	328	280	168	172	291	247	199	183	261	273	276	280	182	180	217	219	156	161	243	243	260	264	217	217
280	111	119	243	219	174	160	166	188	260	250	316	328	168	168	221	255	183	179	281	267	0	0	186	158	213	211	161	161	243	243	260	264	217	217
281	125	119	267	251	174	188	210	220	236	234	292	284	168	166	251	263	167	191	285	253	296	280	190	196	219	229	156	161	235	227	256	264	215	291
282	117	133	247	191	174	188	184	218	238	236	328	352	0	0	245	257	203	247	269	259	0	0	182	190	211	219	156	161	235	173	256	260	213	215
283	117	109	223	267	174	174	156	208	236	234	300	312	0	0	261	283	167	215	273	279	292	280	190	190	217	219	156	161	235	243	256	260	221	221
284	125	119	183	239	160	160	212	190	236	236	296	296	0	0	245	243	183	163	261	253	272	268	182	188	215	211	161	161	235	243	256	260	221	221
285	121	139	187	211	178	178	148	214	236	240	320	344	0	0	267	219	167	187	255	273	0	0	180	176	215	211	161	161	243	243	260	260	215	283
286	117	121	223	215	160	182	166	168	238	236	332	340	168	156	251	287	235	215	261	265	0	0	182	186	217	217	161	163	243	227	260	264	215	217
289	119	135	183	255	174	166	156	210	238	234	320	328	168	172	263	219	183	159	259	263	296	272	182	180	219	219	156	161	243	243	260	260	221	221
290	117	139	251	243	174	160	190	186	238	260	360	352	168	172	291	267	199	183	257	263	296	292	0	0	211	211	156	161	235	243	260	260	215	215
291	133	148	231	263	184	188	156	180	238	250	348	332	0	0	281	299	0	0	253	283	288	280	184	186	219	219	156	161	235	243	260	264	217	283
292	117	143	243	179	178	166	172	182	238	256	0	0	0	0	251	245	159	223	277	279	292	272	188	194	215	217	163	163	235	235	0	0	215	215
293	147	135	259	251	174	208	190	214	238	230	0	0	0	0	291	245	191	163	281	261	280	268	182	186	217	211	161	155	243	243	256	260	213	213
294	111	111	251	195	178	166	192	174	240	234	352	340	168	168	251	295	199	175	281	265	296	268	180	188	215	211	161	155	235	243	260	260	215	217
296	117	117	227	255	174	160	182	182	286	272	276	336	168	168	247	283	199	247	269	275	260	248	182	182	215	211	156	161	243	243	260	264	213	221
297	125	131	231	247	174	174	180	194	238	264	316	352	168	170	245	245	0	0	277	269	288	280	182	190	217	217	156	161	243	243	256	260	221	215
298	117	131	227	263	180	166	188	220	236	236	320	276	168	170	281	279	171	215	0	0	280	280	190	178	211	219	161	161	235	243	260	264	215	255
302	117	139	235	255	160	178	190	206	236	240	296	252	168	172	221	263	191	183	255	293	292	292	0	0	217	211	161	161	235	243	256	260	215	215
303	143	137	247	243	180	184	210	182	260	236	300	332	174	172	251	263	187	251	269	283	308	280	0	0	215	211	161	161	235	243	260	260	221	217
304	115	131	215	159	160	160	208	182	234	250	348	280	168	168	287	289	191	247	267	285	292	260	182	232	217	217	161	155	235	243	256	264	249	291
305	117	119	207	183	178	176	192	192	238	236	360	332	178	166	283	255	199	199	263	285	296	312	188	200	0	0	161	161	235	243	260	264	217	207
306	117	121	243	219	174	178	168	158	238	236	300	268	168	170	271	269	195	159	285	297	276	268	178	200	0	0	161	161	235	243	256	260	221	221
307	117	109	227	255	178	178	178	150	230	242	320	280	174	168	271	289	159	159	289	267	300	296	188	188	217	209	161	161	0	0	256	260	215	215
308	139	131	251	255	178	178	216	208	236	258	300	276	0	0	267	243	187	159	257	273	292	256	0	0	0	0	161	155	243	243	256	264	213	215
310	117	135	183	195	178	178	170	158	240	254	0	0	162	168	247	243	199	175	269	257	300	296	180	188	217	209	161	161	235	243	260	260	215	251
311	117	131	195	195	160	160	180	182	236	236	280	340	168	172	275	251	167	191	271	241	0	0	184	178	211	211	161	161	0	0	260	260	215	215
313	111	137	247	211	174	178	172	198	238	272	284	272	168	168	247	263	191	159	259	259	304	288	188	188	211	219	161	161	0	0	256	260	215	249
314	121	139	247	255	174	184	166	154	238	250	320	300	174	168	251	289	243	223	261	267	0	0	180	190	215	207	161	161	0	0	256	260	213	217
315	115	119	207	223	166	208	180	186	238	240	348	272	174	168	267	243	195	159	285	285	0	0	182	182	219	219	161	161	235	243	256	256	215	215
316	147	145	203	263	174	160	180	158	236	286	320	300	178	172	271	255	171	195	255	257	296	288	0	0	217	207	161	161	235	235	256	264	215	217
317	117	143	207	267	178	176	148	178	236	250	316	272	168	172	247	283	167	187	255	263	292	280	186	178	213	219	161	161	235	243	256	260	213	221
318	125	131	267	255	160	160	182	204	236	236	300	252	168	170	251	289	183	183	0	0	304	296	180	188	213	211	161	161	0	0	280	288	213	215
319	121	121	239	235	174	180	206	150	260	240	360	332	156	166	289	301	183	159	255	269	284	320	190	196	211	211	161	161	0	0	256	260	215	181
320	117	109	191	235	160	166	166	204	236	280	328	364	170	170	291	279	187	187	281	275	296	288	0	0	217	219	161	161	0	0	256	260	215	215
321	111	125	247	203	164	166	200	186	238	258	328	272	174	168	281	275	183	159	267	259	0	0	188	196	215	215	161	163	235	243	260	260	215	215
322	117	129	183	263	178	180	182	184	238	236	276	332	168	166	283	289	183	215	261	265	276	280	180	188	215	217	161	161	0	0	256	260	215	283
323	125	135	259	219	176	182	154	188	236	236	328	340	168	168	247	243	167	211	255	275	276	284	180	190	0	0	161	161	235	243	256	260	221	251
243	121	109	263	219	178	180	178	188	238	236	316	276	168	166	281	281	195	159	255	261	300	292	182	196	211	211	161	161	235	243	260	260	221	221
250	119	119	203	219	174	160	0	0	236	230	336	304	170	172	275	271	191	159	261	265	284	280	190	178	215	219	156	161	243	243	260	268	215	247
254	111	117	223	263	174	166	216	214	238	260	280	304	0	0	243	243	171	199	281	265	288	292	182	190	211	211	161	161	235	243	256	264	221	215
256	109	135	267	239	174	160	182	184	238	230	344	280	178	170	245	277	167	195	261	269	284	260	190	188	215	213	156	161	243	243	0	0	221	215
287	117	129	211	191	174	176	182	220	236	228	320	360	168	186	247	299	199	243	0	0	288	292	0	0	219	221	161	163	235	315	260	264	217	249
288	139	135	247	215	160	162	158	220	0	0	284	280	164	174	221	263	167	159	269	271	320	280	182	178	215	211	161	157	235	227	256	260	215	251
295	139	133	183	251	174	178	0	0	236	240	316	284	168	168	261	283	195	187	255	277	288	280	0	0	215	217	156	161	243	267	260	264	215	285
299	143	119	175	191	174	176	190	182	260	234	360	264	162	178	287	243	171	195	0	0	296	288	186	226	211	211	156	161	235	235	256	256	283	283
300	111	125	179	215	188	192	210	192	286	244	272	364	164	176	251	299	187	183	0	0	284	280	182	226	211	219	0	0	243	243	260	260	217	181
301	111	117	231	223	174	182	180	130	236	240	300	352	0	0	271	243	171	199	281	265	0	0	0	0	213	217	161	161	243	335	256	264	213	221
309	111	125	223	219	174	178	148	142	238	236	252	280	176	170	275	283	195	159	257	265	292	324	182	180	211	219	161	161	243	243	256	260	215	215
312	127	137	183	251	160	188	180	180	260	236	320	320	168	166	247	279	171	199	257	257	284	292	180	188	0	0	161	161	235	243	256	260	249	249
269	111	143	247	243	160	160	188	220	260	236	320	328	168	168	283	255	167	183	281	273	292	280	186	186	213	217	161	161	235	243	260	260	217	177
270	117	113	247	187	160	160	208	158	236	236	320	324	168	168	259	287	183	207	269	257	296	280	184	180	215	217	161	161	243	243	260	260	215	177
271	117	119	183	195	174	160	216	192	234	258	316	332	0	0	275	263	187	215	261	313	284	280	190	188	217	219	156	161	235	243	260	260	221	217
272	111	119	251	219	174	160	182	160	238	240	348	312	174	176	271	271	183	179	281	277	284	280	180	188	217	211	161	161	235	243	256	260	217	217
273	143	119	187	195	174	176	156	188	236	230	280	268	174	168	267	259	195	183	281	261	296	292	182	200	211	211	161	163	243	243	256	260	213	213
274	121	141	187	187	176	176	148	182	260	240	300	296	168	180	245	271	0	0	269	257	304	280	186	180	215	211	156	161	235	243	260	260	215	253
275	117	133	247	183	174	174	214	158	286	256	268	332	168	168	245	287	195	159	277	257	292	280	184	186	217	219	156	161	235	243	260	264	217	255
276	117	109	247	243	174	178	0	0	234	264	272	280	174	168	281	287	0	0	281	275	288	292	180	188	213	213	161	161	243	243	256	260	221	221
324	121	115	231	247	174	160	206	176	238	244	252	280	0	0	221	247	167	195	255	269	292	280	184	186	0	0	156	161	235	243	260	260	217	217
325	123	119	259	239	0	0	166	220	260	228	320	320	168	172	247	243	251	163	255	269	300	264	0	0	213	217	161	161	235	243	256	260	217	217
326	117	133	187	191	178	162	156	148	238	238	320	276	168	160	283	289	0	0	257	259	276	284	182	188	215	215	161	161	0	0	260	260	221	291
327	111	125	183	203	0	0	148	192	238	230	280	360	168	176	299	301	0	0	0	0	292	280	180	200	211	211	161	161	0	0	256	260	221	221
328	117	117	231	271	174	184	192	194	238	262	252	280	168	168	263	263	187	191	261	267	296	288	180	196	217	219	161	163	0	0	256	268	283	249
329	117	119	283	287	174	166	166	152	238	286	316	332	174	180	271	305	187	211	237	271	284	292	182	196	0	0	161	163	0	0	256	260	217	217
330	117	139	267	219	0	0	180	192	238	250	344	340	156	184	267	279	199	191	261	285	284	292	180	188	0	0	161	161	235	227	256	256	215	257
331	117	115	223	219	160	160	210	162	238	286	320	352	162	168	267	317	187	163	293	305	308	320	190	190	217	219	161	161	235	243	260	264	215	215
7	133	131	179	215	160	210	170	164	238	236	352	340	168	168	261	267	251	243	255	267	276	288	182	184	0	0	161	155	235	227	260	260	0	0
9	117	119	191	255	174	178	182	176	238	226	328	272	168	168	0	0	0	0	281	277	268	236	186	196	211	221	161	155	235	243	256	260	0	0
10	117	121	247	183	160	176	216	178	238	258	276	296	0	0	261	287	171	191	263	263	292	236	182	186	215	219	161	155	243	243	260	260	0	0
11	117	117	175	211	174	160	186	176	236	262	252	268	168	176	247	263	171	207	275	279	300	288	182	226	0	0	161	155	243	243	256	264	0	0
12	111	109	259	191	176	184	170	190	238	254	320	316	174	170	291	257	195	159	289	273	288	320	0	0	215	215	161	155	235	267	260	260	0	0
13	121	127	231	231	174	182	168	206	238	236	348	276	170	170	295	283	195	183	245	247	300	252	184	196	0	0	161	163	235	243	256	256	221	289
14	117	125	247	195	178	212	210	188	258	244	316	312	168	178	279	307	159	215	275	233	0	0	0	0	0	0	161	163	0	0	260	264	215	283
15	117	121	211	219	160	160	210	182	236	236	348	288	162	170	283	263	183	255	281	265	292	268	0	0	0	0	161	161	243	243	260	264	0	0
16	117	131	187	243	178	178	178	184	236	236	320	272	174	166	287	277	167	187	275	285	276	296	0	0	0	0	156	161	243	335	260	260	217	253
17	117	125	223	235	180	176	206	184	238	240	296	340	168	156	279	219	187	191	0	0	288	272	0	0	0	0	163	163	243	243	260	260	0	0
18	117	115	243	195	174	174	168	182	240	258	348	252	168	178	279	307	159	215	275	233	276	288	0	0	0	0	161	163	243	231	256	256	0	0
20	117	131	215	235	176	188	166	198	236	240	324	324	168	176	303	255	183	215	257	253	284	336	180	188	225	223	161	155	243	243	0	0	0	0
21	111	123	227	179	178	176	186	188	238	236	316	352	174	168	275	263	195	183	261	267	284	296	182	180	219	219	161	161	235	243	260	264	217	209
22	117	121	207	259	174	166	220	142	238	234	316	272	168	156	279	243	167	167	281	261	0	0	184	180	219	219	161	163	235	243	260	260	0	0
23	117	127	239	179	0	0	214	158	238	260	320	320	168	170	291	287	195	251	261	271	296	280	0	0	217	211	161	161	235	243	256	260	0	0
25	117	109	227	235	182	166	158	194	234	230	328	312	168	172	275	243	167	187	289	277	308	280	0	0	215	215	156	161	235	235	0	0	221	217
26	117	131	187	267	180	180	180	182	238	236	320	272	162	170	251	267	187	155	269	237	304	292	0	0	215	217	156	161	235	243	256	264	215	215
27	121	133	247	227	174	174	186	176	260	286	280	280	168	176	247	287	195	195	279	271	284	268	190	198	0	0	156	161	235	243	260	264	215	283
28	115	119	183	251	174	180	156	208	238	250	324	344	0	0	283	243	167	195	269	257	292	316	184	188	215	219	156	161	0	0	256	260	257	219
31	117	119	207	291	160	180	156	204	238	240	316	304	0	0	247	283	187	191	255	271	276	232	184	186	217	217	161	155	235	243	256	264	0	0
33	117	137	279	163	178	184	192	182	236	236	316	324	168	168	0	0	0	0	261	257	288	280	184	188	0	0	161	163	243	315	256	260	217	283
34	117	125	179	163	160	160	148	194	236	236	296	302	174	162	291	283	191	219	259	285	300	292	0	0	215	215	161	161	235	243	260	264	221	291
35	133	135	191	263	174	180	154	168	260	250	308	248	176	166	291	261	167	215	275	275	300	292	0	0	215	215	156	161	235	243	260	260	0	0
36	139	119	231	159	174	178	184	224	238	240	280	360	168	168	291	287	187	163	269	257	268	316	0	0	211	211	156	161	235	243	260	264	283	275
37	109	127	231	211	176	172	178	206	238	228	268	332	168	192	271	283	167	195	261	261	300	292	0	0	0	0	156	161	235	243	260	264	0	0
38	133	137	227	235	174	212	190	178	236	250	324	280	174	168	267	255	167	195	281	285	296	292	0	0	215	219	161	161	235	243	260	260	0	0
102	117	137	247	183	174	174	154	216	260	244	288	344	168	170	275	251	167	243	261	273	296	292	184	188	211	219	156	161	235	243	260	260	283	251
105	117	133	203	219	174	160	168	188	258	250	0	0	168	168	215	271	171	159	261	273	0	0	184	180	215	219	156	161	235	243	256	264	215	283
106	117	131	247	255	174	182	182	174	234	250	288	324	168	158	271	243	159	223	245	257	284	288	188	200	0	0	161	155	243	247	256	260	249	249
107	117	135	183	187	174	178	202	204	238	236	284	364	168	158	281	245	195	191	259	259	284	288	196	194	217	219	161	155	243	243	256	260	215	291
108	117	117	247	251	176	182	178	176	236	250	344	340	168	168	259	285	167	187	289	261	0	0	182	194	215	215	161	155	243	243	256	260	213	251
110	109	119	227	227	182	188	212	188	238	236	292	356	168	168	263	263	167	195	257	275	0	0	186	188	0	0	161	165	0	0	256	260	217	217
111	141	143	231	179	178	176	144	182	236	234	300	336	168	166	291	241	195	191	255	265	284	308	180	188	217	219	161	161	243	243	256	260	217	285
112	123	131	243	219	178	166	156	184	236	234	276	344	168	156	291	291	187	211	269	253	0	0	0	0	211	219	161	155	0	0	260	260	215	215
124	117	157	259	315	160	180	182	198	236	236	284	252	168	188	261	271	191	191	0	0	304	272	188	188	215	211	161	163	235	243	256	260	217	217
125	117	117	211	319	160	160	186	184	238	238	312	312	168	168	287	263	195	183	255	257	300	308	182	178	215	211	161	161	243	243	256	260	215	211
127	143	147	247	191	160	178	154	188	238	264	308	352	168	170	275	247	191	183	275	263	300	300	182	184	217	217	161	161	0	0	264	264	215	217
129	117	119	207	215	174	160	190	158	236	258	268	332	168	176	245	243	167	167	273	273	272	280	182	180	0	0	161	161	243	247	260	264	215	217
130	139	131	235	219	174	178	212	186	250	232	0	0	168	172	287	219	191	159	269	275	0	0	178	196	0	0	156	161	235	319	260	260	213	215
131	115	109	207	211	176	188	180	188	238	236	316	304	168	168	245	313	187	223	0	0	0	0	184	188	211	211	161	163	243	243	264	268	215	215
132	111	125	247	227	160	160	170	210	236	236	328	332	162	168	245	249	171	187	0	0	296	296	0	0	215	211	161	161	235	243	260	260	221	217
134	117	117	259	211	174	176	190	180	240	256	320	280	164	176	245	295	187	187	261	285	296	280	182	186	217	211	161	161	235	243	256	260	213	213
135	127	127	199	163	160	206	188	174	240	276	0	0	168	158	265	265	199	183	261	257	296	280	186	200	219	225	156	161	243	243	256	260	215	251
136	117	139	195	195	174	160	212	182	236	236	344	280	166	170	215	275	167	243	267	259	280	252	184	192	213	219	161	161	235	235	256	260	217	217
137	111	125	211	295	160	178	182	150	238	234	344	340	172	172	265	265	167	235	267	253	0	0	186	178	215	217	161	163	0	0	260	264	221	221
140	117	157	199	191	174	172	188	204	236	240	312	344	168	172	275	279	167	163	259	279	0	0	182	182	217	219	161	161	243	243	260	260	217	217
143	117	129	247	251	174	182	190	192	236	240	316	336	168	168	215	251	0	0	269	273	288	280	184	188	0	0	161	161	235	243	260	260	217	217
145	157	139	303	243	174	162	178	214	240	228	320	296	168	176	287	243	195	187	265	293	296	288	184	200	211	209	161	161	0	0	256	260	213	215
146	127	131	247	287	160	176	186	162	236	252	312	332	174	168	281	271	159	231	273	253	300	296	180	188	215	219	156	161	0	0	260	264	221	291
147	117	109	231	231	160	184	212	154	238	260	332	304	168	168	221	259	191	183	255	261	284	296	182	188	0	0	161	161	235	243	256	256	215	283
152	117	117	231	255	176	156	154	184	234	258	316	324	174	156	287	279	187	215	251	275	292	280	184	178	215	217	161	161	243	243	256	260	213	215
155	119	119	187	271	174	160	168	220	236	236	352	340	168	168	263	243	187	215	255	269	296	280	190	188	213	219	161	161	243	243	256	260	221	221
156	117	121	247	211	0	0	158	158	240	234	336	272	178	166	263	299	167	187	261	267	296	280	184	188	215	211	161	161	235	235	0	0	215	181
157	117	139	243	243	174	178	156	186	236	236	300	328	168	158	261	287	159	215	255	271	284	308	184	188	211	211	161	161	235	243	260	260	221	289
164	111	109	183	223	174	174	156	156	236	236	316	332	156	166	243	299	159	251	261	237	0	0	182	182	211	219	156	161	235	235	260	260	215	249
165	117	141	259	251	174	178	182	214	260	236	0	0	164	170	215	287	0	0	261	273	0	0	0	0	217	219	161	161	235	243	260	260	213	221
166	111	133	203	259	160	164	172	176	238	238	268	332	168	172	215	269	0	0	293	271	284	292	182	186	0	0	161	155	0	0	260	260	215	215
167	125	119	247	247	160	188	220	164	236	234	276	252	168	168	0	0	191	211	257	275	300	284	184	188	215	211	161	163	235	243	260	264	215	217
168	121	135	227	227	210	178	180	158	236	234	332	364	0	0	271	243	191	183	0	0	0	0	182	182	211	211	156	161	0	0	256	260	213	251
S1	117	117	251	243	0	0	182	182	236	246	300	340	168	176	267	271	167	167	277	269	0	0	186	192	215	217	161	161	235	335	256	256	217	217
S25	117	117	247	251	174	174	180	186	238	238	296	296	168	166	263	263	159	203	255	265	296	288	186	196	215	215	161	161	0	0	256	260	251	251
S27	111	111	231	251	174	176	194	160	238	250	328	268	168	168	275	279	167	171	255	285	288	280	0	0	217	207	161	161	0	0	256	256	213	215
S28	139	119	231	227	176	188	172	196	260	252	316	308	168	178	247	283	195	163	245	253	300	288	182	178	0	0	161	163	235	243	0	0	215	211
S29	117	121	179	263	0	0	204	222	238	238	0	0	164	174	259	255	167	183	281	269	308	292	184	186	217	219	0	0	235	243	256	256	221	255
S30	117	131	259	251	160	166	0	0	238	240	328	312	168	168	275	287	199	195	281	299	324	328	184	184	0	0	161	163	243	267	256	264	217	285
S31	117	131	259	251	178	182	0	0	240	258	328	312	168	168	271	283	0	0	289	285	0	0	180	180	0	0	161	163	243	267	256	264	217	285
S36	111	117	219	166	174	182	174	220	236	236	320	284	174	162	247	217	211	243	269	273	292	328	190	190	0	0	156	161	0	0	264	264	215	215
S40	117	135	183	271	160	162	0	0	236	240	296	332	162	168	283	313	167	187	255	269	288	292	184	188	0	0	161	161	0	0	256	260	217	217
S41	117	139	259	243	0	0	156	160	236	258	0	0	174	168	267	305	199	191	255	263	296	296	180	180	0	0	156	161	0	0	256	260	215	255
S42	115	133	183	191	0	0	208	186	236	234	328	312	162	172	283	301	167	159	277	269	280	280	182	226	217	217	161	161	235	243	256	264	213	217
S47	117	133	183	163	174	182	154	182	236	236	276	312	168	158	271	243	195	191	269	265	0	0	180	188	213	217	156	161	0	0	260	264	217	179
S51	139	119	187	187	174	174	156	150	236	286	300	356	168	158	275	263	195	159	269	267	300	288	184	188	215	219	161	161	0	0	256	264	221	215
S53	117	137	183	243	0	0	212	180	236	254	328	296	168	168	271	255	199	183	245	279	280	328	182	186	213	217	156	161	243	243	256	264	0	0
S55	109	135	183	195	174	160	182	182	260	236	312	340	174	156	247	301	211	179	275	279	304	276	182	184	211	211	161	161	0	0	260	260	217	251
S60	117	147	207	179	178	176	0	0	238	240	0	0	162	168	251	217	0	0	281	261	288	292	182	190	217	211	161	163	235	243	256	260	249	219
S64	119	119	183	191	174	188	178	208	236	230	332	340	174	194	247	279	0	0	251	259	292	280	188	188	0	0	161	163	0	0	256	264	217	291
S66	117	125	183	215	174	176	216	180	264	280	320	272	168	156	283	301	195	187	277	269	292	268	182	182	215	217	161	161	235	243	256	260	221	291
S76	117	121	231	235	174	162	154	184	240	234	272	252	168	168	0	0	187	191	245	259	0	0	182	182	217	219	161	161	0	0	260	260	221	247
103	111	109	251	243	160	178	180	208	238	230	252	364	162	168	215	253	167	187	261	257	292	280	0	0	215	219	161	161	243	243	260	264	217	209
104	111	117	227	215	174	178	208	182	236	234	300	340	174	172	247	279	187	191	267	257	300	296	182	182	217	211	161	161	235	235	260	260	215	215
114	117	117	251	211	174	174	170	182	240	240	320	292	168	156	261	247	191	163	0	0	0	0	190	188	217	225	161	161	243	319	256	256	215	215
115	119	119	247	183	210	176	176	254	238	260	348	316	168	168	313	313	187	183	0	0	300	292	0	0	213	211	161	161	235	243	260	260	217	217
116	117	147	179	319	178	182	170	206	238	242	292	268	168	172	253	263	167	191	0	0	296	296	182	180	0	0	161	161	235	235	264	264	215	217
118	117	139	223	227	178	182	192	194	236	250	324	360	174	174	215	247	191	183	255	257	280	280	182	182	0	0	161	155	235	243	260	260	217	217
119	117	145	0	0	174	166	178	204	238	252	316	340	168	168	275	263	251	223	245	277	0	0	182	182	217	219	161	155	235	243	256	260	0	0
120	133	131	207	267	174	166	186	182	234	230	300	328	174	194	261	267	187	215	257	283	288	328	186	180	215	219	161	155	235	243	256	260	217	217
121	117	117	0	0	160	160	214	174	234	230	292	332	168	178	287	279	195	191	245	231	280	252	184	186	219	219	161	161	235	243	260	260	215	283
148	121	119	251	283	174	178	210	192	236	236	320	316	168	158	275	267	187	251	261	253	0	0	184	198	211	211	156	161	0	0	256	256	215	249
149	117	119	239	255	174	182	182	194	238	236	292	268	168	168	287	269	187	183	261	267	280	268	182	180	217	219	161	161	0	0	0	0	213	217
151	117	143	231	311	174	176	212	210	238	236	308	352	168	170	283	307	0	0	269	241	292	292	186	188	0	0	161	161	0	0	260	264	213	217
153	139	109	259	287	160	182	214	214	260	240	328	352	174	166	275	267	191	183	255	255	288	280	182	188	211	219	0	0	0	0	260	260	217	291
154	117	131	187	179	174	174	154	186	238	238	324	252	168	168	247	243	171	195	263	265	284	252	186	190	0	0	0	0	243	247	256	264	215	217
162	117	123	247	251	0	0	190	178	250	246	284	296	164	172	215	261	199	179	277	259	0	0	184	188	215	217	156	161	243	243	260	260	221	215
163	111	111	203	251	160	166	0	0	236	236	316	324	168	168	291	261	195	207	275	275	288	280	182	188	0	0	161	161	235	235	256	260	221	215
169	117	117	247	191	174	160	180	208	236	236	328	272	168	178	215	275	191	207	0	0	288	272	182	188	215	211	161	161	243	335	256	260	291	291
170	115	115	227	195	174	174	190	188	238	236	328	340	162	168	263	263	167	195	269	257	272	280	180	188	217	219	161	163	0	0	256	260	0	0
171	121	133	0	0	174	182	180	208	236	234	320	340	162	158	215	251	195	187	251	273	276	288	184	194	219	219	161	161	235	243	256	260	221	253
172	117	121	259	255	160	178	182	182	238	240	312	368	168	178	283	299	183	159	0	0	304	296	0	0	0	0	161	163	235	267	256	260	257	291
S100	117	119	259	219	174	178	166	190	238	236	296	372	174	168	0	0	171	191	255	275	288	316	180	190	217	211	161	163	243	243	256	256	217	217
S101	117	145	247	243	174	178	198	224	238	238	364	388	168	172	259	243	171	191	255	275	288	316	178	196	213	219	161	163	0	0	260	264	0	0
S11	117	143	227	227	0	0	0	0	238	286	320	312	174	162	271	217	167	199	255	261	292	312	182	186	217	211	161	161	0	0	256	260	215	211
S12	111	117	183	223	160	176	176	176	238	236	348	312	168	170	279	263	199	211	275	243	276	268	0	0	0	0	161	163	0	0	256	260	221	221
S13	125	125	231	239	174	176	200	174	236	252	328	324	168	158	247	279	167	167	257	253	284	288	184	190	0	0	161	161	235	243	260	264	215	251
S14	125	133	183	179	166	166	154	198	236	256	316	352	168	166	259	289	171	191	277	269	300	288	186	180	211	211	156	161	0	0	256	260	251	251
S15	111	123	183	227	178	176	188	188	238	236	364	260	0	0	251	255	183	159	269	285	288	268	180	196	0	0	161	161	235	243	260	260	217	217
S19	141	119	259	299	174	170	182	182	240	240	300	340	0	0	247	279	183	251	257	285	276	308	186	188	217	209	156	161	0	0	260	260	221	221
S20	117	139	231	267	174	178	172	182	260	234	320	280	164	168	0	0	199	159	289	277	292	264	180	188	215	225	161	161	243	243	256	264	0	0
S21	117	143	243	255	0	0	158	194	236	286	348	332	168	176	275	247	167	211	261	275	0	0	184	188	0	0	161	163	243	243	260	260	221	221
S22	139	125	203	259	174	160	180	222	236	240	320	356	174	172	263	263	167	191	267	241	308	272	182	188	213	219	161	161	0	0	260	260	211	291
S26	117	121	235	255	174	160	144	144	238	236	312	324	174	170	251	217	187	223	269	259	308	280	180	188	211	211	161	163	0	0	260	260	221	217
S38	117	121	183	199	174	174	182	204	240	256	252	332	168	168	259	289	211	211	0	0	292	272	196	196	0	0	156	161	235	227	256	264	217	217
S4	123	137	195	263	176	182	180	192	240	250	320	256	168	176	271	289	0	0	269	275	304	312	190	188	215	211	161	161	251	259	264	264	215	215
S44	117	135	183	255	174	188	182	220	238	236	328	336	162	166	279	305	167	183	257	263	0	0	182	188	0	0	161	161	0	0	256	256	215	215
S45	117	125	223	219	160	164	188	222	238	236	300	328	168	176	247	301	187	159	257	263	288	292	182	196	211	211	161	161	0	0	0	0	215	285
S46	119	145	231	247	174	176	166	166	258	254	280	264	162	176	265	279	203	203	269	285	288	292	180	180	211	211	161	157	0	0	260	260	211	249
S52	117	147	223	195	174	162	144	182	236	240	288	328	168	158	259	279	167	187	265	329	288	292	178	196	215	211	161	163	0	0	256	260	215	249
S58	117	121	179	255	174	160	192	182	238	260	312	340	174	156	0	0	211	179	275	279	304	276	182	186	217	211	156	161	0	0	260	264	217	251
S6	117	125	183	179	178	180	180	186	258	262	320	336	172	172	251	267	167	187	245	277	304	284	190	192	0	0	161	161	0	0	260	264	211	253
S61	125	119	207	283	152	164	170	168	236	240	320	332	174	168	251	263	195	163	257	237	0	0	188	188	215	211	156	161	235	243	260	264	217	249
S62	117	119	207	191	174	178	180	188	236	250	320	252	176	166	271	257	187	187	269	275	284	292	188	188	213	225	156	161	235	243	260	264	217	291
S67	117	139	251	191	174	174	190	182	258	286	0	0	0	0	251	279	195	163	245	245	0	0	180	178	0	0	161	155	235	243	260	264	221	221
S68	127	119	247	179	174	176	216	164	238	236	316	364	168	168	263	299	167	191	277	271	292	268	186	180	213	211	161	161	0	0	260	264	215	249
S69	117	137	211	271	180	180	180	188	240	250	316	344	176	172	259	289	163	223	265	271	284	292	186	188	0	0	161	161	0	0	256	260	213	253
S75	117	123	215	235	0	0	180	180	240	232	336	272	168	168	0	0	195	187	259	265	0	0	184	180	213	219	161	163	0	0	260	260	217	249
S79	111	121	179	263	174	160	206	220	238	236	268	340	162	168	271	255	167	191	255	273	0	0	178	196	213	207	161	161	0	0	256	260	215	215
S80	117	131	243	163	180	166	166	186	236	258	276	332	168	168	247	279	159	159	255	275	276	324	182	186	0	0	161	161	0	0	256	256	215	215
S82	121	143	195	275	176	166	216	206	240	230	0	0	168	168	247	293	167	183	281	265	288	256	182	178	211	219	161	163	0	0	260	260	249	239
S83	117	117	191	271	174	174	154	170	238	234	320	280	168	166	271	301	195	183	0	0	292	236	180	180	219	219	161	161	251	251	256	264	257	257
S85	143	119	179	235	178	178	180	186	238	250	316	272	168	170	0	0	167	191	0	0	288	312	184	180	211	229	161	161	0	0	260	260	215	215
S90	111	125	231	283	178	180	206	184	238	260	348	296	168	184	0	0	191	183	281	281	0	0	186	180	0	0	161	163	0	0	260	264	215	255
S93	117	139	247	179	176	176	154	144	238	250	324	268	168	168	271	305	167	187	261	269	300	276	182	188	0	0	156	161	235	227	256	260	0	0
S95	117	113	247	243	178	176	166	210	238	236	316	316	174	172	247	263	187	243	285	285	304	280	190	188	213	211	161	161	235	243	256	260	217	217
S97	117	143	231	191	160	166	170	184	238	236	348	332	168	178	0	0	171	159	255	273	280	268	182	180	219	219	161	155	235	227	256	260	217	217
