Genepop 4.7.5
Maximum likelihood estimation of null allele frequency

EM algorithm (Dempster, Laird and Rubin, 1977)

File: /Users//tdolan/Documents//R-Github//WFmicrosats/wfgp (WFgenepop_20)

Number of populations detected : 5
Number of loci detected        : 20


Locus: J42
=================================
Population: 38
-----------------------------------------
Allele   Freq.     Homoz.     Null Heter.
  109    0.0484    0.0000     0.0000 
  111    0.0323    0.0000     0.0000 
  115    0.0323    0.0000     0.0000 
  117    0.3065    2.0000     0.0000 
  119    0.1129    0.0000     0.0000 
  121    0.0806    0.0000     0.0000 
  123    0.0161    0.0000     0.0000 
  125    0.0645    0.0000     0.0000 
  127    0.0645    0.0000     0.0000 
  131    0.0806    0.0000     0.0000 
  133    0.0645    0.0000     0.0000 
  135    0.0161    0.0000     0.0000 
  137    0.0323    0.0000     0.0000 
  139    0.0323    0.0000     0.0000 
  143    0.0161    0.0000     0.0000 
 Null    0.0000 

Population: 69
-----------------------------------------
Allele   Freq.     Homoz.     Null Heter.
  109    0.0333    0.0000     0.0000 
  111    0.1000    1.0000     0.0000 
  115    0.0333    0.0000     0.0000 
  117    0.3833    4.0000     0.0000 
  119    0.0500    0.0000     0.0000 
  121    0.0667    0.0000     0.0000 
  123    0.0333    0.0000     0.0000 
  125    0.0833    0.0000     0.0000 
  129    0.0167    0.0000     0.0000 
  131    0.0167    0.0000     0.0000 
  133    0.0333    0.0000     0.0000 
  139    0.0500    0.0000     0.0000 
  143    0.0833    0.0000     0.0000 
  157    0.0167    0.0000     0.0000 
 Null    0.0000 

Population: 101
-----------------------------------------
Allele   Freq.     Homoz.     Null Heter.
  109    0.0469    0.0000     0.0000 
  111    0.0938    0.0000     0.0000 
  115    0.0312    0.0000     0.0000 
  117    0.2656    3.0000     0.0000 
  119    0.0469    0.0000     0.0000 
  121    0.0312    0.0000     0.0000 
  123    0.0625    0.0000     0.0000 
  125    0.0938    0.0000     0.0000 
  127    0.0156    0.0000     0.0000 
  133    0.0312    0.0000     0.0000 
  137    0.0312    0.0000     0.0000 
  139    0.0625    0.0000     0.0000 
  141    0.0312    0.0000     0.0000 
  143    0.0938    0.0000     0.0000 
  147    0.0312    0.0000     0.0000 
  157    0.0156    0.0000     0.0000 
  159    0.0156    0.0000     0.0000 
 Null    0.0000 

Population: S97
-----------------------------------------
Allele   Freq.     Homoz.     Null Heter.
  109    0.0285    0.0000     0.0000 
  111    0.0578    1.2271     0.7729 
  113    0.0041    0.0000     0.0000 
  115    0.0176    0.3255     0.6745 
  117    0.3330    9.9153     1.0847 
  119    0.0858    2.1059     0.8941 
  121    0.0569    0.0000     0.0000 
  123    0.0244    0.0000     0.0000 
  125    0.0594    0.6200     0.3800 
  127    0.0176    0.3255     0.6745 
  129    0.0081    0.0000     0.0000 
  131    0.0447    0.0000     0.0000 
  133    0.0366    0.0000     0.0000 
  135    0.0244    0.0000     0.0000 
  137    0.0244    0.0000     0.0000 
  139    0.0650    0.0000     0.0000 
  141    0.0122    0.0000     0.0000 
  143    0.0407    0.0000     0.0000 
  145    0.0122    0.0000     0.0000 
  147    0.0163    0.0000     0.0000 
  157    0.0122    0.0000     0.0000 
 Null    0.0182 

Population: 332
-----------------------------------------
Allele   Freq.     Homoz.     Null Heter.
  109    0.0419    0.0000     0.0000 
  111    0.0710    1.0000     0.0000 
  113    0.0065    0.0000     0.0000 
  115    0.0355    0.0000     0.0000 
  117    0.2968    14.0000    0.0000 
  119    0.0839    1.0000     0.0000 
  121    0.0871    2.0000     0.0000 
  123    0.0161    0.0000     0.0000 
  125    0.0677    1.0000     0.0000 
  127    0.0097    0.0000     0.0000 
  129    0.0129    0.0000     0.0000 
  131    0.0290    0.0000     0.0000 
  133    0.0355    1.0000     0.0000 
  135    0.0258    0.0000     0.0000 
  137    0.0419    0.0000     0.0000 
  139    0.0548    0.0000     0.0000 
  141    0.0065    0.0000     0.0000 
  143    0.0387    0.0000     0.0000 
  145    0.0032    0.0000     0.0000 
  147    0.0194    0.0000     0.0000 
  148    0.0065    0.0000     0.0000 
  153    0.0032    0.0000     0.0000 
  157    0.0032    0.0000     0.0000 
  161    0.0032    0.0000     0.0000 
 Null    0.0000 


Locus: WF22
=================================
Population: 38
-----------------------------------------
Allele   Freq.     Homoz.     Null Heter.
  159    0.0161    0.0000     0.0000 
  163    0.0323    0.0000     0.0000 
  175    0.0161    0.0000     0.0000 
  179    0.0806    0.0000     0.0000 
  183    0.0323    0.0000     0.0000 
  187    0.0323    0.0000     0.0000 
  191    0.0484    0.0000     0.0000 
  195    0.0323    0.0000     0.0000 
  207    0.0323    0.0000     0.0000 
  211    0.0484    0.0000     0.0000 
  215    0.0323    0.0000     0.0000 
  219    0.0161    0.0000     0.0000 
  223    0.0484    0.0000     0.0000 
  227    0.0645    0.0000     0.0000 
  231    0.0645    1.0000     0.0000 
  235    0.0806    0.0000     0.0000 
  239    0.0484    0.0000     0.0000 
  243    0.0323    0.0000     0.0000 
  247    0.0484    0.0000     0.0000 
  251    0.0161    0.0000     0.0000 
  255    0.0323    0.0000     0.0000 
  259    0.0645    0.0000     0.0000 
  263    0.0161    0.0000     0.0000 
  267    0.0161    0.0000     0.0000 
  275    0.0161    0.0000     0.0000 
  279    0.0161    0.0000     0.0000 
  291    0.0161    0.0000     0.0000 
 Null    0.0000 

Population: 69
-----------------------------------------
Allele   Freq.     Homoz.     Null Heter.
  175    0.0517    0.0000     0.0000 
  179    0.0172    0.0000     0.0000 
  183    0.0345    0.0000     0.0000 
  187    0.0517    0.0000     0.0000 
  195    0.0345    0.0000     0.0000 
  199    0.0345    0.0000     0.0000 
  207    0.0345    0.0000     0.0000 
  211    0.0172    0.0000     0.0000 
  215    0.0172    0.0000     0.0000 
  219    0.0172    0.0000     0.0000 
  223    0.0345    0.0000     0.0000 
  227    0.0690    0.0000     0.0000 
  231    0.0862    0.0000     0.0000 
  235    0.0345    0.0000     0.0000 
  239    0.0517    0.0000     0.0000 
  243    0.0862    0.0000     0.0000 
  247    0.0345    0.0000     0.0000 
  251    0.0690    0.0000     0.0000 
  255    0.0345    0.0000     0.0000 
  259    0.0172    0.0000     0.0000 
  263    0.0345    0.0000     0.0000 
  275    0.0345    0.0000     0.0000 
  279    0.0172    0.0000     0.0000 
  283    0.0172    0.0000     0.0000 
  287    0.0345    0.0000     0.0000 
  303    0.0172    0.0000     0.0000 
  307    0.0172    0.0000     0.0000 
 Null    0.0000 

Population: 101
-----------------------------------------
Allele   Freq.     Homoz.     Null Heter.
  171    0.0156    0.0000     0.0000 
  175    0.0625    0.0000     0.0000 
  179    0.0469    0.0000     0.0000 
  183    0.0469    0.0000     0.0000 
  187    0.0312    0.0000     0.0000 
  191    0.0156    0.0000     0.0000 
  195    0.0156    0.0000     0.0000 
  199    0.0312    0.0000     0.0000 
  203    0.0781    1.0000     0.0000 
  207    0.0625    0.0000     0.0000 
  211    0.0156    0.0000     0.0000 
  215    0.0312    0.0000     0.0000 
  223    0.0625    0.0000     0.0000 
  227    0.0469    0.0000     0.0000 
  231    0.0312    0.0000     0.0000 
  235    0.0312    0.0000     0.0000 
  239    0.0625    0.0000     0.0000 
  243    0.0312    0.0000     0.0000 
  247    0.0469    0.0000     0.0000 
  251    0.0469    0.0000     0.0000 
  255    0.0156    0.0000     0.0000 
  259    0.0625    0.0000     0.0000 
  263    0.0156    0.0000     0.0000 
  267    0.0156    0.0000     0.0000 
  275    0.0312    0.0000     0.0000 
  279    0.0156    0.0000     0.0000 
  303    0.0156    0.0000     0.0000 
  315    0.0156    0.0000     0.0000 
 Null    0.0000 

Population: S97
-----------------------------------------
Allele   Freq.     Homoz.     Null Heter.
  163    0.0125    0.0000     0.0000 
  166    0.0083    0.0000     0.0000 
  175    0.0083    0.0000     0.0000 
  179    0.0652    0.6501     0.3499 
  183    0.0708    0.0000     0.0000 
  187    0.0225    0.3902     0.6098 
  191    0.0417    0.0000     0.0000 
  195    0.0311    0.4700     0.5300 
  199    0.0208    0.0000     0.0000 
  203    0.0167    0.0000     0.0000 
  207    0.0333    0.0000     0.0000 
  211    0.0354    0.5024     0.4976 
  215    0.0208    0.0000     0.0000 
  219    0.0250    0.0000     0.0000 
  223    0.0292    0.0000     0.0000 
  227    0.0578    1.8663     1.1337 
  231    0.0525    0.5993     0.4007 
  235    0.0292    0.0000     0.0000 
  239    0.0083    0.0000     0.0000 
  243    0.0525    0.5993     0.4007 
  247    0.0863    0.7109     0.2891 
  251    0.0625    0.0000     0.0000 
  255    0.0375    0.0000     0.0000 
  259    0.0500    0.0000     0.0000 
  263    0.0125    0.0000     0.0000 
  267    0.0167    0.0000     0.0000 
  271    0.0208    0.0000     0.0000 
  275    0.0042    0.0000     0.0000 
  283    0.0125    0.0000     0.0000 
  287    0.0083    0.0000     0.0000 
  295    0.0083    0.0000     0.0000 
  299    0.0042    0.0000     0.0000 
  303    0.0042    0.0000     0.0000 
  311    0.0083    0.0000     0.0000 
  315    0.0042    0.0000     0.0000 
 Null    0.0175 

Population: 332
-----------------------------------------
Allele   Freq.     Homoz.     Null Heter.
  155    0.0033    0.0000     0.0000 
  159    0.0065    0.0000     0.0000 
  171    0.0098    0.0000     0.0000 
  175    0.0131    0.0000     0.0000 
  179    0.0282    0.6272     0.3728 
  183    0.0746    0.8165     0.1835 
  187    0.0304    1.2886     0.7114 
  191    0.0359    0.0000     0.0000 
  195    0.0449    0.7281     0.2719 
  199    0.0033    0.0000     0.0000 
  203    0.0294    0.0000     0.0000 
  207    0.0372    1.3787     0.6213 
  211    0.0248    0.5970     0.4030 
  215    0.0261    0.0000     0.0000 
  219    0.0327    0.0000     0.0000 
  223    0.0490    0.0000     0.0000 
  227    0.0458    0.0000     0.0000 
  231    0.0327    0.0000     0.0000 
  235    0.0359    0.0000     0.0000 
  239    0.0556    0.0000     0.0000 
  243    0.0621    0.0000     0.0000 
  247    0.0817    0.0000     0.0000 
  251    0.0523    0.0000     0.0000 
  255    0.0425    0.0000     0.0000 
  259    0.0392    0.0000     0.0000 
  263    0.0294    0.0000     0.0000 
  267    0.0294    0.0000     0.0000 
  271    0.0163    0.0000     0.0000 
  283    0.0065    0.0000     0.0000 
  287    0.0065    0.0000     0.0000 
  295    0.0033    0.0000     0.0000 
  315    0.0033    0.0000     0.0000 
 Null    0.0084 


Locus: PAM27
=================================
Population: 38
-----------------------------------------
Allele   Freq.     Homoz.     Null Heter.
  160    0.1665    1.3227     1.6773 
  166    0.0574    0.2137     0.7863 
  172    0.0179    0.0000     0.0000 
  174    0.2050    1.4778     1.5222 
  176    0.1071    0.0000     0.0000 
  178    0.1201    0.7252     1.2748 
  180    0.1134    0.3494     0.6506 
  182    0.0357    0.0000     0.0000 
  184    0.0357    0.0000     0.0000 
  188    0.0179    0.0000     0.0000 
  210    0.0179    0.0000     0.0000 
 Null    0.1056 

Population: 69
-----------------------------------------
Allele   Freq.     Homoz.     Null Heter.
  160    0.2885    2.0000     0.0000 
  162    0.0192    0.0000     0.0000 
  170    0.0192    0.0000     0.0000 
  174    0.3462    2.0000     0.0000 
  176    0.0577    0.0000     0.0000 
  178    0.1731    2.0000     0.0000 
  180    0.0192    0.0000     0.0000 
  182    0.0192    0.0000     0.0000 
  184    0.0192    0.0000     0.0000 
  200    0.0385    0.0000     0.0000 
 Null    0.0000 

Population: 101
-----------------------------------------
Allele   Freq.     Homoz.     Null Heter.
  152    0.0167    0.0000     0.0000 
  160    0.3000    2.0000     0.0000 
  162    0.0167    0.0000     0.0000 
  164    0.0167    0.0000     0.0000 
  174    0.3833    4.0000     0.0000 
  176    0.0500    0.0000     0.0000 
  178    0.1167    1.0000     0.0000 
  180    0.0333    0.0000     0.0000 
  182    0.0167    0.0000     0.0000 
  184    0.0167    0.0000     0.0000 
  206    0.0167    0.0000     0.0000 
  210    0.0167    0.0000     0.0000 
 Null    0.0000 

Population: S97
-----------------------------------------
Allele   Freq.     Homoz.     Null Heter.
  152    0.0050    0.0000     0.0000 
  156    0.0050    0.0000     0.0000 
  160    0.1683    2.6693     0.3307 
  162    0.0200    0.0000     0.0000 
  164    0.0150    0.0000     0.0000 
  166    0.0485    0.6993     0.3007 
  170    0.0050    0.0000     0.0000 
  172    0.0050    0.0000     0.0000 
  174    0.3119    9.3733     0.6267 
  176    0.1092    0.8397     0.1603 
  178    0.1538    1.7612     0.2388 
  180    0.0279    0.5719     0.4281 
  182    0.0650    0.0000     0.0000 
  184    0.0050    0.0000     0.0000 
  188    0.0300    0.0000     0.0000 
  206    0.0050    0.0000     0.0000 
  210    0.0100    0.0000     0.0000 
 Null    0.0104 

Population: 332
-----------------------------------------
Allele   Freq.     Homoz.     Null Heter.
  158    0.0038    0.0000     0.0000 
  160    0.2164    8.7036     1.2964 
  162    0.0115    0.0000     0.0000 
  164    0.0115    0.0000     0.0000 
  166    0.0675    0.6767     0.3233 
  174    0.2677    7.1402     0.8598 
  176    0.0675    0.6767     0.3233 
  178    0.1486    4.9303     1.0697 
  180    0.0597    0.6495     0.3505 
  182    0.0344    0.0000     0.0000 
  184    0.0153    0.0000     0.0000 
  188    0.0420    0.0000     0.0000 
  190    0.0038    0.0000     0.0000 
  192    0.0038    0.0000     0.0000 
  202    0.0038    0.0000     0.0000 
  204    0.0038    0.0000     0.0000 
  206    0.0038    0.0000     0.0000 
  208    0.0153    0.0000     0.0000 
  210    0.0038    0.0000     0.0000 
 Null    0.0161 


Locus: PAM79
=================================
Population: 38
-----------------------------------------
Allele   Freq.     Homoz.     Null Heter.
  142    0.0172    0.0000     0.0000 
  148    0.0172    0.0000     0.0000 
  154    0.0172    0.0000     0.0000 
  156    0.0345    0.0000     0.0000 
  158    0.0345    0.0000     0.0000 
  164    0.0172    0.0000     0.0000 
  166    0.0172    0.0000     0.0000 
  168    0.0517    0.0000     0.0000 
  170    0.0345    0.0000     0.0000 
  176    0.0517    0.0000     0.0000 
  178    0.1034    0.0000     0.0000 
  180    0.0172    0.0000     0.0000 
  182    0.1034    0.0000     0.0000 
  184    0.0517    0.0000     0.0000 
  186    0.0517    0.0000     0.0000 
  188    0.0690    0.0000     0.0000 
  190    0.0345    0.0000     0.0000 
  192    0.0172    0.0000     0.0000 
  194    0.0345    0.0000     0.0000 
  198    0.0345    0.0000     0.0000 
  204    0.0172    0.0000     0.0000 
  206    0.0517    0.0000     0.0000 
  208    0.0172    0.0000     0.0000 
  210    0.0345    0.0000     0.0000 
  214    0.0172    0.0000     0.0000 
  216    0.0172    0.0000     0.0000 
  220    0.0172    0.0000     0.0000 
  224    0.0172    0.0000     0.0000 
 Null    0.0000 

Population: 69
-----------------------------------------
Allele   Freq.     Homoz.     Null Heter.
  144    0.0172    0.0000     0.0000 
  148    0.0172    0.0000     0.0000 
  154    0.0172    0.0000     0.0000 
  156    0.0172    0.0000     0.0000 
  158    0.0517    0.0000     0.0000 
  166    0.0690    0.0000     0.0000 
  168    0.0690    1.0000     0.0000 
  170    0.0517    0.0000     0.0000 
  172    0.0172    0.0000     0.0000 
  180    0.1207    0.0000     0.0000 
  182    0.1207    0.0000     0.0000 
  184    0.0690    0.0000     0.0000 
  186    0.0172    0.0000     0.0000 
  188    0.1034    0.0000     0.0000 
  190    0.0345    0.0000     0.0000 
  192    0.0172    0.0000     0.0000 
  194    0.0172    0.0000     0.0000 
  198    0.0172    0.0000     0.0000 
  200    0.0172    0.0000     0.0000 
  202    0.0345    0.0000     0.0000 
  206    0.0172    0.0000     0.0000 
  208    0.0172    0.0000     0.0000 
  212    0.0172    0.0000     0.0000 
  214    0.0172    0.0000     0.0000 
  218    0.0172    0.0000     0.0000 
  220    0.0172    0.0000     0.0000 
 Null    0.0000 

Population: 101
-----------------------------------------
Allele   Freq.     Homoz.     Null Heter.
  144    0.0345    0.0000     0.0000 
  148    0.0172    0.0000     0.0000 
  150    0.0345    0.0000     0.0000 
  152    0.0172    0.0000     0.0000 
  154    0.0517    0.0000     0.0000 
  156    0.0345    0.0000     0.0000 
  158    0.0172    0.0000     0.0000 
  166    0.0690    0.0000     0.0000 
  168    0.0635    0.6819     0.3181 
  170    0.0345    0.0000     0.0000 
  172    0.0517    0.0000     0.0000 
  174    0.0172    0.0000     0.0000 
  178    0.0690    0.0000     0.0000 
  180    0.0517    0.0000     0.0000 
  182    0.0690    0.0000     0.0000 
  184    0.0172    0.0000     0.0000 
  186    0.0172    0.0000     0.0000 
  188    0.0172    0.0000     0.0000 
  190    0.0345    0.0000     0.0000 
  192    0.0172    0.0000     0.0000 
  194    0.0172    0.0000     0.0000 
  200    0.0252    0.4594     0.5406 
  202    0.0172    0.0000     0.0000 
  206    0.0345    0.0000     0.0000 
  208    0.0345    0.0000     0.0000 
  210    0.0172    0.0000     0.0000 
  212    0.0345    0.0000     0.0000 
  214    0.0172    0.0000     0.0000 
  216    0.0345    0.0000     0.0000 
  226    0.0172    0.0000     0.0000 
 Null    0.0148 

Population: S97
-----------------------------------------
Allele   Freq.     Homoz.     Null Heter.
  142    0.0044    0.0000     0.0000 
  144    0.0185    0.1922     0.8078 
  150    0.0088    0.0000     0.0000 
  154    0.0442    0.0000     0.0000 
  156    0.0323    0.2928     0.7072 
  158    0.0231    0.2289     0.7711 
  160    0.0088    0.0000     0.0000 
  162    0.0044    0.0000     0.0000 
  164    0.0088    0.0000     0.0000 
  166    0.0289    0.5416     1.4584 
  168    0.0277    0.2623     0.7377 
  170    0.0310    0.0000     0.0000 
  172    0.0133    0.0000     0.0000 
  174    0.0221    0.0000     0.0000 
  176    0.0185    0.1922     0.8078 
  178    0.0265    0.0000     0.0000 
  180    0.0729    0.4834     0.5166 
  182    0.1076    2.3198     1.6802 
  184    0.0310    0.0000     0.0000 
  186    0.0575    0.0000     0.0000 
  188    0.0639    0.4507     0.5493 
  190    0.0310    0.0000     0.0000 
  192    0.0265    0.0000     0.0000 
  194    0.0177    0.0000     0.0000 
  196    0.0044    0.0000     0.0000 
  198    0.0133    0.0000     0.0000 
  200    0.0088    0.0000     0.0000 
  202    0.0044    0.0000     0.0000 
  204    0.0221    0.0000     0.0000 
  206    0.0177    0.0000     0.0000 
  208    0.0310    0.0000     0.0000 
  210    0.0177    0.0000     0.0000 
  212    0.0265    0.0000     0.0000 
  214    0.0231    0.2289     0.7711 
  216    0.0177    0.0000     0.0000 
  220    0.0221    0.0000     0.0000 
  222    0.0133    0.0000     0.0000 
  224    0.0044    0.0000     0.0000 
  254    0.0044    0.0000     0.0000 
 Null    0.0390 

Population: 332
-----------------------------------------
Allele   Freq.     Homoz.     Null Heter.
  130    0.0035    0.0000     0.0000 
  142    0.0035    0.0000     0.0000 
  144    0.0071    0.0000     0.0000 
  148    0.0319    0.0000     0.0000 
  150    0.0227    0.4050     0.5950 
  152    0.0035    0.0000     0.0000 
  154    0.0213    0.0000     0.0000 
  156    0.0319    0.0000     0.0000 
  158    0.0461    0.0000     0.0000 
  160    0.0071    0.0000     0.0000 
  162    0.0035    0.0000     0.0000 
  166    0.0337    0.5024     0.4976 
  168    0.0337    0.5024     0.4976 
  170    0.0213    0.0000     0.0000 
  172    0.0213    0.0000     0.0000 
  174    0.0071    0.0000     0.0000 
  176    0.0106    0.0000     0.0000 
  178    0.0390    0.0000     0.0000 
  180    0.0626    0.6523     0.3477 
  182    0.1146    2.3236     0.6764 
  184    0.0426    0.0000     0.0000 
  186    0.0300    0.4738     0.5262 
  188    0.0461    0.0000     0.0000 
  190    0.0337    0.5024     0.4976 
  192    0.0373    0.5280     0.4720 
  194    0.0227    0.4050     0.5950 
  198    0.0177    0.0000     0.0000 
  200    0.0071    0.0000     0.0000 
  202    0.0035    0.0000     0.0000 
  204    0.0106    0.0000     0.0000 
  206    0.0177    0.0000     0.0000 
  208    0.0390    0.0000     0.0000 
  210    0.0248    0.0000     0.0000 
  212    0.0213    0.0000     0.0000 
  214    0.0213    0.0000     0.0000 
  216    0.0284    0.0000     0.0000 
  218    0.0071    0.0000     0.0000 
  220    0.0355    0.0000     0.0000 
  222    0.0071    0.0000     0.0000 
  240    0.0035    0.0000     0.0000 
 Null    0.0167 


Locus: WF27
=================================
Population: 38
-----------------------------------------
Allele   Freq.     Homoz.     Null Heter.
  245    0.0484    0.0000     0.0000 
  257    0.0161    0.0000     0.0000 
  261    0.0323    0.0000     0.0000 
  265    0.0806    0.0000     0.0000 
  269    0.0927    0.7448     0.2552 
  273    0.0484    0.0000     0.0000 
  277    0.0161    0.0000     0.0000 
  289    0.0484    0.0000     0.0000 
  297    0.0484    0.0000     0.0000 
  301    0.0414    0.5658     0.4342 
  305    0.0323    0.0000     0.0000 
  309    0.0968    0.0000     0.0000 
  313    0.0645    0.0000     0.0000 
  317    0.0759    0.7050     0.2950 
  321    0.0323    0.0000     0.0000 
  325    0.0161    0.0000     0.0000 
  333    0.0484    0.0000     0.0000 
  337    0.0323    0.0000     0.0000 
  341    0.0484    0.0000     0.0000 
  345    0.0161    0.0000     0.0000 
  353    0.0161    0.0000     0.0000 
  357    0.0161    0.0000     0.0000 
  365    0.0161    0.0000     0.0000 
 Null    0.0159 

Population: 69
-----------------------------------------
Allele   Freq.     Homoz.     Null Heter.
  245    0.0333    0.0000     0.0000 
  261    0.0587    0.5200     0.4800 
  265    0.0667    0.0000     0.0000 
  277    0.0167    0.0000     0.0000 
  289    0.0333    0.0000     0.0000 
  293    0.0333    0.0000     0.0000 
  297    0.0333    0.0000     0.0000 
  301    0.0333    0.0000     0.0000 
  305    0.0333    0.0000     0.0000 
  309    0.1500    0.0000     0.0000 
  313    0.1167    0.0000     0.0000 
  317    0.0167    0.0000     0.0000 
  321    0.0333    0.0000     0.0000 
  325    0.0405    0.4276     0.5724 
  329    0.0167    0.0000     0.0000 
  333    0.0833    0.0000     0.0000 
  337    0.0167    0.0000     0.0000 
  341    0.0167    0.0000     0.0000 
  345    0.0167    0.0000     0.0000 
  353    0.0405    0.4276     0.5724 
  357    0.0333    0.0000     0.0000 
  369    0.0167    0.0000     0.0000 
  373    0.0333    0.0000     0.0000 
 Null    0.0271 

Population: 101
-----------------------------------------
Allele   Freq.     Homoz.     Null Heter.
  245    0.0312    0.0000     0.0000 
  249    0.0156    0.0000     0.0000 
  261    0.0312    0.0000     0.0000 
  265    0.0156    0.0000     0.0000 
  269    0.0312    0.0000     0.0000 
  273    0.0156    0.0000     0.0000 
  277    0.0625    0.0000     0.0000 
  281    0.0312    0.0000     0.0000 
  285    0.0312    0.0000     0.0000 
  289    0.0781    0.0000     0.0000 
  293    0.0469    0.0000     0.0000 
  301    0.0625    0.0000     0.0000 
  305    0.0469    0.0000     0.0000 
  309    0.0781    0.0000     0.0000 
  313    0.0938    0.0000     0.0000 
  317    0.0781    1.0000     0.0000 
  321    0.0469    0.0000     0.0000 
  325    0.0312    0.0000     0.0000 
  329    0.0469    0.0000     0.0000 
  333    0.0156    0.0000     0.0000 
  337    0.0312    0.0000     0.0000 
  341    0.0312    0.0000     0.0000 
  345    0.0312    0.0000     0.0000 
  353    0.0156    0.0000     0.0000 
 Null    0.0000 

Population: S97
-----------------------------------------
Allele   Freq.     Homoz.     Null Heter.
  233    0.0046    0.0000     0.0000 
  245    0.0367    0.0000     0.0000 
  249    0.0099    0.1663     0.8337 
  253    0.0046    0.0000     0.0000 
  261    0.0196    0.2828     0.7172 
  265    0.0575    0.5358     0.4642 
  269    0.0229    0.0000     0.0000 
  273    0.0229    0.0000     0.0000 
  277    0.0229    0.0000     0.0000 
  281    0.0092    0.0000     0.0000 
  285    0.0092    0.0000     0.0000 
  289    0.0292    0.3697     0.6303 
  293    0.0229    0.0000     0.0000 
  297    0.0275    0.0000     0.0000 
  301    0.0138    0.0000     0.0000 
  305    0.0550    0.0000     0.0000 
  309    0.0855    0.6317     0.3683 
  313    0.0872    0.0000     0.0000 
  317    0.0622    0.5552     0.4448 
  321    0.0642    0.0000     0.0000 
  325    0.0688    0.0000     0.0000 
  329    0.0292    0.3697     0.6303 
  333    0.0596    0.0000     0.0000 
  337    0.0321    0.0000     0.0000 
  341    0.0275    0.0000     0.0000 
  345    0.0244    0.3292     0.6708 
  349    0.0183    0.0000     0.0000 
  353    0.0046    0.0000     0.0000 
  357    0.0244    0.3292     0.6708 
  361    0.0046    0.0000     0.0000 
  365    0.0138    0.0000     0.0000 
 Null    0.0249 

Population: 332
-----------------------------------------
Allele   Freq.     Homoz.     Null Heter.
  245    0.0576    0.0000     0.0000 
  253    0.0036    0.0000     0.0000 
  257    0.0108    0.0000     0.0000 
  261    0.0360    0.0000     0.0000 
  265    0.0432    0.0000     0.0000 
  269    0.0432    1.0000     0.0000 
  273    0.0683    0.0000     0.0000 
  277    0.0360    0.0000     0.0000 
  281    0.0108    0.0000     0.0000 
  285    0.0036    0.0000     0.0000 
  289    0.0612    1.0000     0.0000 
  293    0.0180    0.0000     0.0000 
  297    0.0396    0.0000     0.0000 
  301    0.0036    0.0000     0.0000 
  305    0.0180    0.0000     0.0000 
  309    0.0576    0.0000     0.0000 
  313    0.1043    1.0000     0.0000 
  317    0.0288    0.0000     0.0000 
  321    0.0647    0.0000     0.0000 
  325    0.0612    0.0000     0.0000 
  329    0.0216    0.0000     0.0000 
  333    0.0612    1.0000     0.0000 
  337    0.0252    0.0000     0.0000 
  341    0.0360    0.0000     0.0000 
  345    0.0252    0.0000     0.0000 
  349    0.0072    0.0000     0.0000 
  353    0.0396    0.0000     0.0000 
  357    0.0108    0.0000     0.0000 
  377    0.0036    0.0000     0.0000 
 Null    0.0000 


Locus: WF16
=================================
Population: 38
-----------------------------------------
Allele   Freq.     Homoz.     Null Heter.
  226    0.0167    0.0000     0.0000 
  228    0.0167    0.0000     0.0000 
  230    0.0167    0.0000     0.0000 
  234    0.0333    0.0000     0.0000 
  236    0.2833    5.0000     0.0000 
  238    0.2667    0.0000     0.0000 
  240    0.1000    0.0000     0.0000 
  244    0.0167    0.0000     0.0000 
  250    0.0500    0.0000     0.0000 
  254    0.0167    0.0000     0.0000 
  258    0.0500    0.0000     0.0000 
  260    0.1167    1.0000     0.0000 
  262    0.0167    0.0000     0.0000 
 Null    0.0000 

Population: 69
-----------------------------------------
Allele   Freq.     Homoz.     Null Heter.
  230    0.0167    0.0000     0.0000 
  234    0.0667    0.0000     0.0000 
  236    0.2617    2.7031     0.2969 
  238    0.2634    1.8032     0.1968 
  240    0.1272    1.6313     0.3687 
  242    0.0167    0.0000     0.0000 
  250    0.0667    0.0000     0.0000 
  252    0.0167    0.0000     0.0000 
  256    0.0500    0.0000     0.0000 
  258    0.0500    0.0000     0.0000 
  262    0.0167    0.0000     0.0000 
  264    0.0333    0.0000     0.0000 
 Null    0.0144 

Population: 101
-----------------------------------------
Allele   Freq.     Homoz.     Null Heter.
  228    0.0161    0.0000     0.0000 
  230    0.0161    0.0000     0.0000 
  234    0.0708    0.3876     0.6124 
  236    0.2836    3.5863     1.4137 
  238    0.2148    1.3152     0.6848 
  240    0.0968    0.0000     0.0000 
  242    0.0362    0.2446     0.7554 
  250    0.0645    0.0000     0.0000 
  252    0.0323    0.0000     0.0000 
  258    0.0161    0.0000     0.0000 
  260    0.0645    0.0000     0.0000 
  262    0.0161    0.0000     0.0000 
  264    0.0161    0.0000     0.0000 
 Null    0.0559 

Population: S97
-----------------------------------------
Allele   Freq.     Homoz.     Null Heter.
  226    0.0041    0.0000     0.0000 
  228    0.0041    0.0000     0.0000 
  230    0.0207    0.0000     0.0000 
  232    0.0083    0.0000     0.0000 
  234    0.0868    0.0000     0.0000 
  236    0.3140    13.0000    0.0000 
  238    0.2107    8.0000     0.0000 
  240    0.1157    2.0000     0.0000 
  242    0.0083    0.0000     0.0000 
  244    0.0041    0.0000     0.0000 
  246    0.0124    0.0000     0.0000 
  250    0.0579    0.0000     0.0000 
  252    0.0165    0.0000     0.0000 
  254    0.0083    0.0000     0.0000 
  256    0.0165    0.0000     0.0000 
  258    0.0455    1.0000     0.0000 
  260    0.0413    0.0000     0.0000 
  262    0.0083    0.0000     0.0000 
  264    0.0083    0.0000     0.0000 
  276    0.0041    0.0000     0.0000 
  280    0.0041    0.0000     0.0000 
 Null    0.0000 

Population: 332
-----------------------------------------
Allele   Freq.     Homoz.     Null Heter.
  224    0.0033    0.0000     0.0000 
  226    0.0033    0.0000     0.0000 
  228    0.0067    0.0000     0.0000 
  230    0.0333    0.0000     0.0000 
  234    0.0584    0.5272     0.4728 
  236    0.2890    12.6976    2.3024 
  238    0.2324    5.7119     1.2881 
  240    0.0943    1.2855     0.7145 
  242    0.0100    0.0000     0.0000 
  244    0.0106    0.1677     0.8323 
  246    0.0067    0.0000     0.0000 
  250    0.0550    0.5123     0.4877 
  252    0.0100    0.0000     0.0000 
  254    0.0067    0.0000     0.0000 
  256    0.0071    0.1188     0.8812 
  258    0.0467    0.0000     0.0000 
  260    0.0633    0.0000     0.0000 
  262    0.0033    0.0000     0.0000 
  264    0.0167    0.0000     0.0000 
  266    0.0033    0.0000     0.0000 
  268    0.0033    0.0000     0.0000 
  272    0.0071    0.1188     0.8812 
  280    0.0033    0.0000     0.0000 
 Null    0.0262 


Locus: WF33
=================================
Population: 38
-----------------------------------------
Allele   Freq.     Homoz.     Null Heter.
  248    0.0185    0.0000     0.0000 
  252    0.0370    0.0000     0.0000 
  268    0.0370    0.0000     0.0000 
  272    0.0926    0.0000     0.0000 
  276    0.0370    0.0000     0.0000 
  280    0.0683    0.6908     0.3092 
  288    0.0185    0.0000     0.0000 
  296    0.0556    0.0000     0.0000 
  302    0.0185    0.0000     0.0000 
  304    0.0185    0.0000     0.0000 
  308    0.0185    0.0000     0.0000 
  312    0.0370    0.0000     0.0000 
  316    0.1296    0.0000     0.0000 
  320    0.0878    0.7417     0.2583 
  324    0.0878    0.7417     0.2583 
  328    0.0370    0.0000     0.0000 
  332    0.0185    0.0000     0.0000 
  340    0.0370    0.0000     0.0000 
  344    0.0185    0.0000     0.0000 
  348    0.0556    0.0000     0.0000 
  352    0.0370    0.0000     0.0000 
  360    0.0185    0.0000     0.0000 
 Null    0.0153 

Population: 69
-----------------------------------------
Allele   Freq.     Homoz.     Null Heter.
  252    0.0345    0.0000     0.0000 
  256    0.0172    0.0000     0.0000 
  264    0.0172    0.0000     0.0000 
  268    0.0345    0.0000     0.0000 
  272    0.0690    0.0000     0.0000 
  284    0.0172    0.0000     0.0000 
  296    0.0345    0.0000     0.0000 
  300    0.0517    0.0000     0.0000 
  304    0.0172    0.0000     0.0000 
  308    0.0172    0.0000     0.0000 
  312    0.0517    0.0000     0.0000 
  316    0.1379    1.0000     0.0000 
  320    0.1207    0.0000     0.0000 
  324    0.0345    0.0000     0.0000 
  328    0.0345    0.0000     0.0000 
  332    0.0345    0.0000     0.0000 
  336    0.0172    0.0000     0.0000 
  340    0.0862    0.0000     0.0000 
  344    0.0345    0.0000     0.0000 
  348    0.0172    0.0000     0.0000 
  352    0.0172    0.0000     0.0000 
  360    0.0345    0.0000     0.0000 
  364    0.0172    0.0000     0.0000 
  376    0.0172    0.0000     0.0000 
  380    0.0345    0.0000     0.0000 
 Null    0.0000 

Population: 101
-----------------------------------------
Allele   Freq.     Homoz.     Null Heter.
  252    0.0323    0.0000     0.0000 
  256    0.0161    0.0000     0.0000 
  268    0.0323    0.0000     0.0000 
  272    0.0161    0.0000     0.0000 
  276    0.0323    0.0000     0.0000 
  280    0.0323    0.0000     0.0000 
  284    0.0323    0.0000     0.0000 
  288    0.0645    0.0000     0.0000 
  292    0.0323    0.0000     0.0000 
  296    0.0484    0.0000     0.0000 
  300    0.0645    0.0000     0.0000 
  308    0.0645    0.0000     0.0000 
  312    0.0484    0.0000     0.0000 
  316    0.0806    0.0000     0.0000 
  320    0.0806    0.0000     0.0000 
  324    0.0806    1.0000     0.0000 
  328    0.0484    0.0000     0.0000 
  332    0.0323    0.0000     0.0000 
  336    0.0323    0.0000     0.0000 
  340    0.0161    0.0000     0.0000 
  344    0.0323    0.0000     0.0000 
  348    0.0323    0.0000     0.0000 
  352    0.0323    0.0000     0.0000 
  360    0.0161    0.0000     0.0000 
 Null    0.0000 

Population: S97
-----------------------------------------
Allele   Freq.     Homoz.     Null Heter.
  252    0.0330    0.0000     0.0000 
  256    0.0047    0.0000     0.0000 
  260    0.0047    0.0000     0.0000 
  264    0.0047    0.0000     0.0000 
  268    0.0330    0.0000     0.0000 
  272    0.0330    0.0000     0.0000 
  276    0.0189    0.0000     0.0000 
  280    0.0236    0.0000     0.0000 
  284    0.0189    0.0000     0.0000 
  288    0.0142    0.0000     0.0000 
  292    0.0236    0.0000     0.0000 
  296    0.0377    1.0000     0.0000 
  300    0.0377    0.0000     0.0000 
  304    0.0094    0.0000     0.0000 
  308    0.0142    0.0000     0.0000 
  312    0.0755    1.0000     0.0000 
  316    0.0802    1.0000     0.0000 
  320    0.0802    0.0000     0.0000 
  324    0.0566    1.0000     0.0000 
  328    0.0802    0.0000     0.0000 
  332    0.0708    0.0000     0.0000 
  336    0.0283    0.0000     0.0000 
  340    0.0613    0.0000     0.0000 
  344    0.0330    0.0000     0.0000 
  348    0.0330    0.0000     0.0000 
  352    0.0236    0.0000     0.0000 
  356    0.0142    0.0000     0.0000 
  360    0.0047    0.0000     0.0000 
  364    0.0330    1.0000     0.0000 
  368    0.0047    0.0000     0.0000 
  372    0.0094    0.0000     0.0000 
 Null    0.0000 

Population: 332
-----------------------------------------
Allele   Freq.     Homoz.     Null Heter.
  248    0.0107    0.0000     0.0000 
  252    0.0393    0.0000     0.0000 
  260    0.0036    0.0000     0.0000 
  264    0.0107    0.0000     0.0000 
  268    0.0321    0.0000     0.0000 
  272    0.0429    0.0000     0.0000 
  276    0.0393    0.0000     0.0000 
  280    0.0750    0.0000     0.0000 
  284    0.0250    0.0000     0.0000 
  288    0.0107    0.0000     0.0000 
  292    0.0107    0.0000     0.0000 
  296    0.0393    1.0000     0.0000 
  300    0.0536    0.0000     0.0000 
  304    0.0250    0.0000     0.0000 
  308    0.0036    0.0000     0.0000 
  312    0.0250    0.0000     0.0000 
  316    0.0571    0.0000     0.0000 
  320    0.1250    4.0000     0.0000 
  324    0.0250    0.0000     0.0000 
  328    0.0607    0.0000     0.0000 
  332    0.0643    0.0000     0.0000 
  336    0.0179    0.0000     0.0000 
  340    0.0571    1.0000     0.0000 
  344    0.0286    1.0000     0.0000 
  348    0.0321    0.0000     0.0000 
  352    0.0286    0.0000     0.0000 
  356    0.0071    0.0000     0.0000 
  360    0.0357    0.0000     0.0000 
  364    0.0107    0.0000     0.0000 
  384    0.0036    0.0000     0.0000 
 Null    0.0000 


Locus: WF3
=================================
Population: 38
-----------------------------------------
Allele   Freq.     Homoz.     Null Heter.
  156    0.0370    0.0000     0.0000 
  158    0.0185    0.0000     0.0000 
  162    0.0741    0.0000     0.0000 
  166    0.0556    0.0000     0.0000 
  168    0.4259    4.0000     0.0000 
  170    0.1111    1.0000     0.0000 
  172    0.0370    0.0000     0.0000 
  174    0.1111    0.0000     0.0000 
  176    0.0741    0.0000     0.0000 
  178    0.0370    0.0000     0.0000 
  192    0.0185    0.0000     0.0000 
 Null    0.0000 

Population: 69
-----------------------------------------
Allele   Freq.     Homoz.     Null Heter.
  156    0.0500    0.0000     0.0000 
  158    0.0500    0.0000     0.0000 
  162    0.0167    0.0000     0.0000 
  164    0.0167    0.0000     0.0000 
  166    0.0667    0.0000     0.0000 
  168    0.4667    6.0000     0.0000 
  170    0.0667    0.0000     0.0000 
  172    0.1333    0.0000     0.0000 
  174    0.1167    0.0000     0.0000 
  178    0.0167    0.0000     0.0000 
 Null    0.0000 

Population: 101
-----------------------------------------
Allele   Freq.     Homoz.     Null Heter.
  156    0.0968    0.0000     0.0000 
  162    0.0161    0.0000     0.0000 
  164    0.0161    0.0000     0.0000 
  166    0.0645    0.0000     0.0000 
  168    0.3548    2.0000     0.0000 
  170    0.0968    1.0000     0.0000 
  172    0.0484    0.0000     0.0000 
  174    0.1613    1.0000     0.0000 
  176    0.0645    0.0000     0.0000 
  178    0.0645    0.0000     0.0000 
  184    0.0161    0.0000     0.0000 
 Null    0.0000 

Population: S97
-----------------------------------------
Allele   Freq.     Homoz.     Null Heter.
  156    0.0345    0.0000     0.0000 
  158    0.0517    0.0000     0.0000 
  162    0.0603    0.0000     0.0000 
  164    0.0302    0.0000     0.0000 
  166    0.0474    0.0000     0.0000 
  168    0.4871    30.0000    0.0000 
  170    0.0388    0.0000     0.0000 
  172    0.0647    2.0000     0.0000 
  174    0.0991    1.0000     0.0000 
  176    0.0431    0.0000     0.0000 
  178    0.0259    0.0000     0.0000 
  184    0.0043    0.0000     0.0000 
  188    0.0043    0.0000     0.0000 
  194    0.0086    0.0000     0.0000 
 Null    0.0000 

Population: 332
-----------------------------------------
Allele   Freq.     Homoz.     Null Heter.
  156    0.0303    0.0000     0.0000 
  158    0.0189    0.0000     0.0000 
  160    0.0038    0.0000     0.0000 
  162    0.0644    2.0000     0.0000 
  164    0.0227    0.0000     0.0000 
  166    0.0720    0.0000     0.0000 
  168    0.4583    27.0000    0.0000 
  170    0.0682    1.0000     0.0000 
  172    0.0871    0.0000     0.0000 
  174    0.0909    0.0000     0.0000 
  176    0.0379    0.0000     0.0000 
  178    0.0265    0.0000     0.0000 
  180    0.0076    0.0000     0.0000 
  184    0.0038    0.0000     0.0000 
  186    0.0076    0.0000     0.0000 
 Null    0.0000 


Locus: WF517
=================================
Population: 38
-----------------------------------------
Allele   Freq.     Homoz.     Null Heter.
  219    0.0357    0.0000     0.0000 
  243    0.0536    0.0000     0.0000 
  247    0.0893    0.0000     0.0000 
  251    0.0179    0.0000     0.0000 
  255    0.0357    0.0000     0.0000 
  257    0.0179    0.0000     0.0000 
  259    0.0179    0.0000     0.0000 
  261    0.0714    0.0000     0.0000 
  263    0.0536    0.0000     0.0000 
  267    0.0536    0.0000     0.0000 
  271    0.0179    0.0000     0.0000 
  275    0.0536    0.0000     0.0000 
  277    0.0179    0.0000     0.0000 
  279    0.0893    0.0000     0.0000 
  283    0.1071    0.0000     0.0000 
  287    0.0893    0.0000     0.0000 
  291    0.1071    0.0000     0.0000 
  295    0.0179    0.0000     0.0000 
  303    0.0179    0.0000     0.0000 
  307    0.0357    0.0000     0.0000 
 Null    0.0000 

Population: 69
-----------------------------------------
Allele   Freq.     Homoz.     Null Heter.
  215    0.0385    0.0000     0.0000 
  239    0.0192    0.0000     0.0000 
  243    0.0769    0.0000     0.0000 
  247    0.1149    0.9731     1.0269 
  251    0.0192    0.0000     0.0000 
  257    0.0192    0.0000     0.0000 
  259    0.0192    0.0000     0.0000 
  261    0.0769    0.0000     0.0000 
  263    0.0435    0.2643     0.7357 
  265    0.0192    0.0000     0.0000 
  267    0.0192    0.0000     0.0000 
  271    0.1154    0.0000     0.0000 
  275    0.0644    0.3468     0.6532 
  277    0.0192    0.0000     0.0000 
  279    0.0577    0.0000     0.0000 
  281    0.0385    0.0000     0.0000 
  283    0.0435    0.2643     0.7357 
  291    0.0385    0.0000     0.0000 
  295    0.0385    0.0000     0.0000 
  299    0.0192    0.0000     0.0000 
  307    0.0192    0.0000     0.0000 
  313    0.0192    0.0000     0.0000 
 Null    0.0606 

Population: 101
-----------------------------------------
Allele   Freq.     Homoz.     Null Heter.
  215    0.0172    0.0000     0.0000 
  221    0.0345    0.0000     0.0000 
  223    0.0172    0.0000     0.0000 
  245    0.1034    0.0000     0.0000 
  247    0.0517    0.0000     0.0000 
  251    0.0690    0.0000     0.0000 
  253    0.0386    0.2359     0.7641 
  259    0.0172    0.0000     0.0000 
  261    0.0172    0.0000     0.0000 
  265    0.0517    0.0000     0.0000 
  267    0.0571    0.3140     0.6860 
  271    0.0345    0.0000     0.0000 
  275    0.0517    0.0000     0.0000 
  277    0.0172    0.0000     0.0000 
  279    0.0172    0.0000     0.0000 
  281    0.1034    0.0000     0.0000 
  283    0.0571    0.3140     0.6860 
  287    0.0434    0.5157     1.4843 
  291    0.0345    0.0000     0.0000 
  295    0.0517    0.0000     0.0000 
  297    0.0172    0.0000     0.0000 
  303    0.0345    0.0000     0.0000 
 Null    0.0624 

Population: S97
-----------------------------------------
Allele   Freq.     Homoz.     Null Heter.
  215    0.0481    0.0000     0.0000 
  217    0.0192    0.0000     0.0000 
  219    0.0048    0.0000     0.0000 
  221    0.0048    0.0000     0.0000 
  241    0.0048    0.0000     0.0000 
  243    0.0529    0.0000     0.0000 
  245    0.0240    0.0000     0.0000 
  247    0.0817    0.0000     0.0000 
  249    0.0048    0.0000     0.0000 
  251    0.0506    0.5297     0.4703 
  253    0.0096    0.0000     0.0000 
  255    0.0240    0.0000     0.0000 
  257    0.0048    0.0000     0.0000 
  259    0.0385    0.0000     0.0000 
  261    0.0385    0.0000     0.0000 
  263    0.0847    2.6130     1.3870 
  265    0.0224    0.6658     1.3342 
  267    0.0385    0.0000     0.0000 
  269    0.0096    0.0000     0.0000 
  271    0.0721    0.0000     0.0000 
  275    0.0577    0.0000     0.0000 
  279    0.0673    0.0000     0.0000 
  281    0.0096    0.0000     0.0000 
  283    0.0337    0.0000     0.0000 
  285    0.0048    0.0000     0.0000 
  287    0.0433    0.0000     0.0000 
  289    0.0192    0.0000     0.0000 
  291    0.0157    0.2585     0.7415 
  293    0.0048    0.0000     0.0000 
  295    0.0048    0.0000     0.0000 
  299    0.0192    0.0000     0.0000 
  301    0.0240    0.0000     0.0000 
  305    0.0144    0.0000     0.0000 
  307    0.0048    0.0000     0.0000 
  313    0.0157    0.2585     0.7415 
 Null    0.0225 

Population: 332
-----------------------------------------
Allele   Freq.     Homoz.     Null Heter.
  215    0.0274    0.0000     0.0000 
  219    0.0283    0.2663     0.7337 
  221    0.0137    0.0000     0.0000 
  235    0.0137    0.0000     0.0000 
  239    0.0034    0.0000     0.0000 
  243    0.0701    0.4734     0.5266 
  245    0.0632    0.4475     0.5525 
  247    0.0840    0.5184     0.4816 
  249    0.0068    0.0000     0.0000 
  251    0.0377    0.0000     0.0000 
  255    0.0377    0.0000     0.0000 
  257    0.0071    0.0838     0.9162 
  259    0.0107    0.1205     0.8795 
  261    0.0308    0.0000     0.0000 
  263    0.0493    0.3871     0.6129 
  265    0.0103    0.0000     0.0000 
  267    0.0318    0.2897     0.7103 
  269    0.0068    0.0000     0.0000 
  271    0.0506    0.7873     1.2127 
  273    0.0034    0.0000     0.0000 
  275    0.0388    0.3322     0.6678 
  277    0.0068    0.0000     0.0000 
  279    0.0388    0.3322     0.6678 
  281    0.0283    0.2663     0.7337 
  283    0.0685    0.0000     0.0000 
  287    0.0597    0.4336     0.5664 
  289    0.0240    0.0000     0.0000 
  291    0.0471    0.7530     1.2470 
  295    0.0137    0.0000     0.0000 
  299    0.0274    0.0000     0.0000 
  301    0.0068    0.0000     0.0000 
  303    0.0107    0.1205     0.8795 
  305    0.0034    0.0000     0.0000 
 Null    0.0390 


Locus: WF196
=================================
Population: 38
-----------------------------------------
Allele   Freq.     Homoz.     Null Heter.
  155    0.0179    0.0000     0.0000 
  159    0.0536    0.0000     0.0000 
  163    0.0179    0.0000     0.0000 
  167    0.1419    0.9438     0.0562 
  171    0.0357    0.0000     0.0000 
  179    0.0179    0.0000     0.0000 
  183    0.1058    0.9260     0.0740 
  187    0.1419    0.9438     0.0562 
  191    0.0893    0.0000     0.0000 
  195    0.1598    0.9498     0.0502 
  203    0.0179    0.0000     0.0000 
  207    0.0179    0.0000     0.0000 
  215    0.0893    0.0000     0.0000 
  219    0.0357    0.0000     0.0000 
  243    0.0179    0.0000     0.0000 
  251    0.0357    0.0000     0.0000 
 Null    0.0042 

Population: 69
-----------------------------------------
Allele   Freq.     Homoz.     Null Heter.
  155    0.0172    0.0000     0.0000 
  159    0.0690    0.0000     0.0000 
  167    0.2241    0.0000     0.0000 
  171    0.0517    0.0000     0.0000 
  175    0.0862    0.0000     0.0000 
  179    0.0172    0.0000     0.0000 
  183    0.0862    0.0000     0.0000 
  187    0.1552    1.0000     0.0000 
  191    0.0345    0.0000     0.0000 
  195    0.0172    0.0000     0.0000 
  199    0.0172    0.0000     0.0000 
  207    0.0345    0.0000     0.0000 
  211    0.0517    0.0000     0.0000 
  215    0.0517    0.0000     0.0000 
  231    0.0345    0.0000     0.0000 
  243    0.0345    0.0000     0.0000 
  251    0.0172    0.0000     0.0000 
 Null    0.0000 

Population: 101
-----------------------------------------
Allele   Freq.     Homoz.     Null Heter.
  155    0.0156    0.0000     0.0000 
  159    0.0625    0.0000     0.0000 
  167    0.1875    0.0000     0.0000 
  171    0.0625    0.0000     0.0000 
  175    0.0156    0.0000     0.0000 
  179    0.0312    0.0000     0.0000 
  183    0.0938    0.0000     0.0000 
  187    0.0469    0.0000     0.0000 
  191    0.1406    0.0000     0.0000 
  195    0.0938    0.0000     0.0000 
  199    0.0781    0.0000     0.0000 
  203    0.0312    0.0000     0.0000 
  211    0.0156    0.0000     0.0000 
  215    0.0469    0.0000     0.0000 
  219    0.0312    0.0000     0.0000 
  227    0.0156    0.0000     0.0000 
  235    0.0156    0.0000     0.0000 
  251    0.0156    0.0000     0.0000 
 Null    0.0000 

Population: S97
-----------------------------------------
Allele   Freq.     Homoz.     Null Heter.
  159    0.0757    0.7539     0.2461 
  163    0.0415    0.6266     0.3734 
  167    0.1470    2.5681     0.4319 
  171    0.0481    0.0000     0.0000 
  175    0.0048    0.0000     0.0000 
  179    0.0192    0.0000     0.0000 
  183    0.0913    0.0000     0.0000 
  187    0.1428    1.7049     0.2951 
  191    0.1290    0.8392     0.1608 
  195    0.0962    0.0000     0.0000 
  199    0.0385    0.0000     0.0000 
  203    0.0111    0.3100     0.6900 
  207    0.0096    0.0000     0.0000 
  211    0.0415    0.6266     0.3734 
  215    0.0192    0.0000     0.0000 
  223    0.0240    0.0000     0.0000 
  231    0.0048    0.0000     0.0000 
  235    0.0048    0.0000     0.0000 
  243    0.0192    0.0000     0.0000 
  251    0.0192    0.0000     0.0000 
 Null    0.0124 

Population: 332
-----------------------------------------
Allele   Freq.     Homoz.     Null Heter.
  159    0.0996    0.8785     0.1215 
  163    0.0286    0.0000     0.0000 
  167    0.1239    2.7000     0.3000 
  171    0.0429    0.0000     0.0000 
  175    0.0143    0.0000     0.0000 
  179    0.0250    0.0000     0.0000 
  183    0.1139    0.8921     0.1079 
  187    0.1344    3.6282     0.3718 
  191    0.0919    1.7394     0.2606 
  195    0.0924    0.8703     0.1297 
  199    0.0775    1.6982     0.3018 
  203    0.0143    0.0000     0.0000 
  207    0.0143    0.0000     0.0000 
  211    0.0143    0.0000     0.0000 
  215    0.0214    0.0000     0.0000 
  223    0.0179    0.0000     0.0000 
  227    0.0036    0.0000     0.0000 
  235    0.0107    0.0000     0.0000 
  243    0.0274    0.6653     0.3347 
  247    0.0107    0.0000     0.0000 
  251    0.0143    0.0000     0.0000 
 Null    0.0069 


Locus: WF223
=================================
Population: 38
-----------------------------------------
Allele   Freq.     Homoz.     Null Heter.
  233    0.0345    0.0000     0.0000 
  237    0.0172    0.0000     0.0000 
  241    0.0172    0.0000     0.0000 
  245    0.0172    0.0000     0.0000 
  247    0.0172    0.0000     0.0000 
  253    0.0172    0.0000     0.0000 
  255    0.0345    0.0000     0.0000 
  257    0.0862    0.0000     0.0000 
  259    0.0172    0.0000     0.0000 
  261    0.0999    0.7958     0.2042 
  263    0.0455    0.6397     0.3603 
  265    0.0172    0.0000     0.0000 
  267    0.0517    0.0000     0.0000 
  269    0.0517    0.0000     0.0000 
  271    0.0690    0.0000     0.0000 
  273    0.0345    0.0000     0.0000 
  275    0.1176    0.8210     0.1790 
  277    0.0345    0.0000     0.0000 
  279    0.0345    0.0000     0.0000 
  281    0.0862    0.0000     0.0000 
  285    0.0517    0.0000     0.0000 
  289    0.0345    0.0000     0.0000 
 Null    0.0128 

Population: 69
-----------------------------------------
Allele   Freq.     Homoz.     Null Heter.
  241    0.0200    0.0000     0.0000 
  245    0.0200    0.0000     0.0000 
  251    0.0200    0.0000     0.0000 
  253    0.0200    0.0000     0.0000 
  255    0.0800    0.0000     0.0000 
  259    0.0921    0.6072     0.3928 
  261    0.0200    0.0000     0.0000 
  263    0.0200    0.0000     0.0000 
  265    0.1000    0.0000     0.0000 
  267    0.0490    0.4513     0.5487 
  269    0.1200    0.0000     0.0000 
  273    0.0600    0.0000     0.0000 
  275    0.1000    0.0000     0.0000 
  277    0.1200    0.0000     0.0000 
  281    0.0490    0.4513     0.5487 
  285    0.0200    0.0000     0.0000 
  287    0.0200    0.0000     0.0000 
  289    0.0400    0.0000     0.0000 
 Null    0.0298 

Population: 101
-----------------------------------------
Allele   Freq.     Homoz.     Null Heter.
  237    0.0345    0.0000     0.0000 
  245    0.0517    0.0000     0.0000 
  251    0.0345    0.0000     0.0000 
  255    0.0690    0.0000     0.0000 
  257    0.1207    0.0000     0.0000 
  259    0.0517    0.0000     0.0000 
  261    0.0862    0.0000     0.0000 
  263    0.0345    0.0000     0.0000 
  265    0.0172    0.0000     0.0000 
  267    0.0690    0.0000     0.0000 
  269    0.1379    0.0000     0.0000 
  271    0.0172    0.0000     0.0000 
  273    0.0345    0.0000     0.0000 
  275    0.0690    0.0000     0.0000 
  277    0.0345    0.0000     0.0000 
  279    0.0517    0.0000     0.0000 
  281    0.0517    0.0000     0.0000 
  289    0.0172    0.0000     0.0000 
  293    0.0172    0.0000     0.0000 
 Null    0.0000 

Population: S97
-----------------------------------------
Allele   Freq.     Homoz.     Null Heter.
  231    0.0051    0.0000     0.0000 
  237    0.0101    0.0000     0.0000 
  241    0.0101    0.0000     0.0000 
  243    0.0051    0.0000     0.0000 
  245    0.0434    0.5981     0.4019 
  251    0.0152    0.0000     0.0000 
  253    0.0303    0.0000     0.0000 
  255    0.0897    0.7545     0.2455 
  257    0.0808    0.0000     0.0000 
  259    0.0486    0.6249     0.3751 
  261    0.0808    0.0000     0.0000 
  263    0.0303    0.0000     0.0000 
  265    0.0538    0.6483     0.3517 
  267    0.0404    0.0000     0.0000 
  269    0.1111    0.0000     0.0000 
  271    0.0202    0.0000     0.0000 
  273    0.0589    0.6688     0.3312 
  275    0.0795    0.7314     0.2686 
  277    0.0455    0.0000     0.0000 
  279    0.0202    0.0000     0.0000 
  281    0.0277    0.4871     0.5129 
  283    0.0051    0.0000     0.0000 
  285    0.0434    0.5981     0.4019 
  289    0.0152    0.0000     0.0000 
  293    0.0101    0.0000     0.0000 
  299    0.0051    0.0000     0.0000 
 Null    0.0146 

Population: 332
-----------------------------------------
Allele   Freq.     Homoz.     Null Heter.
  237    0.0036    0.0000     0.0000 
  241    0.0036    0.0000     0.0000 
  245    0.0072    0.0000     0.0000 
  251    0.0036    0.0000     0.0000 
  253    0.0108    0.0000     0.0000 
  255    0.0791    0.0000     0.0000 
  257    0.0716    0.9061     0.0939 
  259    0.0531    1.7546     0.2454 
  261    0.1074    1.8707     0.1293 
  263    0.0396    0.0000     0.0000 
  265    0.0504    0.0000     0.0000 
  267    0.0612    0.0000     0.0000 
  269    0.1187    0.0000     0.0000 
  271    0.0216    0.0000     0.0000 
  273    0.0468    0.0000     0.0000 
  275    0.0608    0.8911     0.1089 
  277    0.0612    0.0000     0.0000 
  279    0.0252    0.0000     0.0000 
  281    0.0683    0.0000     0.0000 
  283    0.0216    0.0000     0.0000 
  285    0.0317    0.8102     0.1898 
  289    0.0206    0.7354     0.2646 
  293    0.0108    0.0000     0.0000 
  297    0.0072    0.0000     0.0000 
  305    0.0036    0.0000     0.0000 
  313    0.0036    0.0000     0.0000 
  317    0.0036    0.0000     0.0000 
 Null    0.0037 


Locus: WF421
=================================
Population: 38
-----------------------------------------
Allele   Freq.     Homoz.     Null Heter.
  232    0.0172    0.0000     0.0000 
  236    0.0345    0.0000     0.0000 
  252    0.0172    0.0000     0.0000 
  268    0.0690    0.0000     0.0000 
  272    0.0172    0.0000     0.0000 
  276    0.0862    0.0000     0.0000 
  280    0.0862    0.0000     0.0000 
  284    0.0862    1.0000     0.0000 
  288    0.1207    0.0000     0.0000 
  292    0.1897    0.0000     0.0000 
  296    0.0690    0.0000     0.0000 
  300    0.0862    0.0000     0.0000 
  304    0.0172    0.0000     0.0000 
  308    0.0172    0.0000     0.0000 
  312    0.0172    0.0000     0.0000 
  316    0.0345    0.0000     0.0000 
  320    0.0172    0.0000     0.0000 
  336    0.0172    0.0000     0.0000 
 Null    0.0000 

Population: 69
-----------------------------------------
Allele   Freq.     Homoz.     Null Heter.
  228    0.0200    0.0000     0.0000 
  244    0.0200    0.0000     0.0000 
  248    0.0200    0.0000     0.0000 
  268    0.0800    0.0000     0.0000 
  280    0.1600    0.0000     0.0000 
  284    0.1000    0.0000     0.0000 
  288    0.1000    1.0000     0.0000 
  292    0.2000    0.0000     0.0000 
  296    0.1200    0.0000     0.0000 
  300    0.0800    0.0000     0.0000 
  304    0.0400    0.0000     0.0000 
  308    0.0200    0.0000     0.0000 
  312    0.0200    0.0000     0.0000 
  320    0.0200    0.0000     0.0000 
 Null    0.0000 

Population: 101
-----------------------------------------
Allele   Freq.     Homoz.     Null Heter.
  260    0.0172    0.0000     0.0000 
  268    0.0517    0.0000     0.0000 
  272    0.0172    0.0000     0.0000 
  276    0.0690    0.0000     0.0000 
  280    0.0690    0.0000     0.0000 
  284    0.1379    0.0000     0.0000 
  288    0.1034    0.0000     0.0000 
  292    0.1552    0.0000     0.0000 
  296    0.1207    1.0000     0.0000 
  300    0.0517    0.0000     0.0000 
  304    0.1034    0.0000     0.0000 
  308    0.0172    0.0000     0.0000 
  312    0.0345    0.0000     0.0000 
  320    0.0345    0.0000     0.0000 
  332    0.0172    0.0000     0.0000 
 Null    0.0000 

Population: S97
-----------------------------------------
Allele   Freq.     Homoz.     Null Heter.
  236    0.0054    0.0000     0.0000 
  252    0.0163    0.0000     0.0000 
  256    0.0054    0.0000     0.0000 
  260    0.0054    0.0000     0.0000 
  264    0.0054    0.0000     0.0000 
  268    0.0326    0.0000     0.0000 
  272    0.0326    0.0000     0.0000 
  276    0.0543    0.0000     0.0000 
  280    0.1359    2.0000     0.0000 
  284    0.0707    0.0000     0.0000 
  288    0.1630    0.0000     0.0000 
  292    0.1359    1.0000     0.0000 
  296    0.1087    3.0000     0.0000 
  300    0.0707    1.0000     0.0000 
  304    0.0543    0.0000     0.0000 
  308    0.0380    0.0000     0.0000 
  312    0.0163    0.0000     0.0000 
  316    0.0109    0.0000     0.0000 
  324    0.0163    0.0000     0.0000 
  328    0.0217    0.0000     0.0000 
 Null    0.0000 

Population: 332
-----------------------------------------
Allele   Freq.     Homoz.     Null Heter.
  236    0.0123    0.0000     0.0000 
  244    0.0041    0.0000     0.0000 
  248    0.0041    0.0000     0.0000 
  252    0.0123    0.0000     0.0000 
  256    0.0082    0.0000     0.0000 
  260    0.0164    0.0000     0.0000 
  264    0.0082    0.0000     0.0000 
  268    0.0328    0.0000     0.0000 
  272    0.0328    0.0000     0.0000 
  276    0.0410    0.0000     0.0000 
  280    0.1803    2.0000     0.0000 
  284    0.0984    0.0000     0.0000 
  288    0.0984    0.0000     0.0000 
  292    0.1885    3.0000     0.0000 
  296    0.1230    1.0000     0.0000 
  300    0.0369    0.0000     0.0000 
  304    0.0410    0.0000     0.0000 
  308    0.0123    0.0000     0.0000 
  312    0.0164    0.0000     0.0000 
  316    0.0082    0.0000     0.0000 
  320    0.0164    0.0000     0.0000 
  324    0.0041    0.0000     0.0000 
  332    0.0041    0.0000     0.0000 
 Null    0.0000 


Locus: A441
=================================
Population: 38
-----------------------------------------
Allele   Freq.     Homoz.     Null Heter.
  180    0.2143    1.0000     0.0000 
  182    0.1429    0.0000     0.0000 
  184    0.2143    0.0000     0.0000 
  186    0.1071    0.0000     0.0000 
  188    0.1429    0.0000     0.0000 
  190    0.0357    0.0000     0.0000 
  196    0.0714    0.0000     0.0000 
  198    0.0357    0.0000     0.0000 
  226    0.0357    0.0000     0.0000 
 Null    0.0000 

Population: 69
-----------------------------------------
Allele   Freq.     Homoz.     Null Heter.
  178    0.0312    0.0000     0.0000 
  180    0.1562    1.0000     0.0000 
  182    0.2188    0.0000     0.0000 
  184    0.1250    0.0000     0.0000 
  186    0.0938    0.0000     0.0000 
  188    0.2500    2.0000     0.0000 
  190    0.0625    0.0000     0.0000 
  196    0.0625    0.0000     0.0000 
 Null    0.0000 

Population: 101
-----------------------------------------
Allele   Freq.     Homoz.     Null Heter.
  178    0.0909    1.0000     0.0000 
  180    0.2045    1.0000     0.0000 
  182    0.1591    0.0000     0.0000 
  184    0.1136    0.0000     0.0000 
  186    0.1818    1.0000     0.0000 
  188    0.1364    0.0000     0.0000 
  190    0.0909    0.0000     0.0000 
  192    0.0227    0.0000     0.0000 
 Null    0.0000 

Population: S97
-----------------------------------------
Allele   Freq.     Homoz.     Null Heter.
  178    0.0526    0.0000     0.0000 
  180    0.1223    2.8889     1.1111 
  182    0.2031    7.3074     1.6926 
  184    0.1172    0.7135     0.2865 
  186    0.1096    0.0000     0.0000 
  188    0.2065    4.0721     0.9279 
  190    0.0620    1.1372     0.8628 
  192    0.0132    0.0000     0.0000 
  194    0.0132    0.0000     0.0000 
  196    0.0505    0.5178     0.4822 
  198    0.0044    0.0000     0.0000 
  200    0.0132    0.0000     0.0000 
  202    0.0044    0.0000     0.0000 
  226    0.0044    0.0000     0.0000 
 Null    0.0235 

Population: 332
-----------------------------------------
Allele   Freq.     Homoz.     Null Heter.
  158    0.0036    0.0000     0.0000 
  176    0.0109    0.0000     0.0000 
  178    0.0507    0.0000     0.0000 
  180    0.1449    0.0000     0.0000 
  182    0.1920    5.0000     0.0000 
  184    0.0833    0.0000     0.0000 
  186    0.1087    1.0000     0.0000 
  188    0.1957    8.0000     0.0000 
  190    0.1051    2.0000     0.0000 
  192    0.0072    0.0000     0.0000 
  194    0.0181    0.0000     0.0000 
  196    0.0471    0.0000     0.0000 
  200    0.0217    0.0000     0.0000 
  226    0.0109    0.0000     0.0000 
 Null    0.0000 


Locus: PAM21
=================================
Population: 38
-----------------------------------------
Allele   Freq.     Homoz.     Null Heter.
  211    0.1020    0.2654     0.7346 
  215    0.3160    2.1123     1.8877 
  217    0.1351    0.3236     0.6764 
  219    0.1806    0.7802     1.2198 
  221    0.0625    0.0000     0.0000 
  223    0.0312    0.0000     0.0000 
  225    0.0312    0.0000     0.0000 
 Null    0.1412 

Population: 69
-----------------------------------------
Allele   Freq.     Homoz.     Null Heter.
  211    0.2260    2.5873     0.4127 
  213    0.0789    0.0000     0.0000 
  215    0.1316    0.0000     0.0000 
  217    0.3613    2.7278     0.2722 
  219    0.1579    0.0000     0.0000 
  225    0.0263    0.0000     0.0000 
 Null    0.0180 

Population: 101
-----------------------------------------
Allele   Freq.     Homoz.     Null Heter.
  211    0.1000    0.0000     0.0000 
  213    0.0908    0.5381     0.4619 
  215    0.2455    2.2774     0.7226 
  217    0.2756    0.7796     0.2204 
  219    0.2091    1.4572     0.5428 
  225    0.0200    0.0000     0.0000 
  227    0.0200    0.0000     0.0000 
 Null    0.0390 

Population: S97
-----------------------------------------
Allele   Freq.     Homoz.     Null Heter.
  207    0.0118    0.0000     0.0000 
  209    0.0118    0.0000     0.0000 
  211    0.2941    10.9971    0.0029 
  213    0.0765    0.0000     0.0000 
  215    0.1765    2.9987     0.0013 
  217    0.1882    1.9992     0.0008 
  219    0.2000    3.9985     0.0015 
  225    0.0353    0.0000     0.0000 
  229    0.0059    0.0000     0.0000 
 Null    0.0000 

Population: 332
-----------------------------------------
Allele   Freq.     Homoz.     Null Heter.
  193    0.0038    0.0000     0.0000 
  207    0.0075    0.0000     0.0000 
  209    0.0150    0.0000     0.0000 
  211    0.2360    9.7638     2.2362 
  213    0.0835    1.2143     0.7857 
  215    0.1463    2.9211     1.0789 
  217    0.2566    8.2604     1.7396 
  219    0.1867    4.6529     1.3471 
  221    0.0113    0.0000     0.0000 
  225    0.0188    0.0000     0.0000 
  227    0.0038    0.0000     0.0000 
  229    0.0038    0.0000     0.0000 
 Null    0.0270 


Locus: Psy087
=================================
Population: 38
-----------------------------------------
Allele   Freq.     Homoz.     Null Heter.
  155    0.1452    0.0000     0.0000 
  156    0.1290    0.0000     0.0000 
  161    0.6129    8.0000     0.0000 
  163    0.1129    1.0000     0.0000 
 Null    0.0000 

Population: 69
-----------------------------------------
Allele   Freq.     Homoz.     Null Heter.
  155    0.0667    0.0000     0.0000 
  156    0.1667    0.0000     0.0000 
  161    0.6667    10.0000    0.0000 
  163    0.1000    0.0000     0.0000 
 Null    0.0000 

Population: 101
-----------------------------------------
Allele   Freq.     Homoz.     Null Heter.
  155    0.1452    0.0000     0.0000 
  156    0.0645    0.0000     0.0000 
  157    0.0161    0.0000     0.0000 
  161    0.6613    11.0000    0.0000 
  163    0.1129    1.0000     0.0000 
 Null    0.0000 

Population: S97
-----------------------------------------
Allele   Freq.     Homoz.     Null Heter.
  155    0.0439    0.0000     0.0000 
  156    0.1053    0.0000     0.0000 
  157    0.0044    0.0000     0.0000 
  161    0.7368    55.0000    0.0000 
  163    0.1096    0.0000     0.0000 
 Null    0.0000 

Population: 332
-----------------------------------------
Allele   Freq.     Homoz.     Null Heter.
  155    0.0430    0.0000     0.0000 
  156    0.1821    0.0000     0.0000 
  157    0.0132    0.0000     0.0000 
  161    0.7119    66.0000    0.0000 
  163    0.0497    2.0000     0.0000 
 Null    0.0000 


Locus: Psy022
=================================
Population: 38
-----------------------------------------
Allele   Freq.     Homoz.     Null Heter.
  227    0.0179    0.0000     0.0000 
  231    0.0179    0.0000     0.0000 
  235    0.3571    1.0000     0.0000 
  243    0.5714    7.0000     0.0000 
  267    0.0179    0.0000     0.0000 
  315    0.0179    0.0000     0.0000 
 Null    0.0000 

Population: 69
-----------------------------------------
Allele   Freq.     Homoz.     Null Heter.
  227    0.0536    0.0000     0.0000 
  235    0.4286    3.0000     0.0000 
  243    0.3929    3.0000     0.0000 
  247    0.0179    0.0000     0.0000 
  267    0.0536    0.0000     0.0000 
  295    0.0179    0.0000     0.0000 
  319    0.0357    0.0000     0.0000 
 Null    0.0000 

Population: 101
-----------------------------------------
Allele   Freq.     Homoz.     Null Heter.
  219    0.0161    0.0000     0.0000 
  227    0.0161    0.0000     0.0000 
  235    0.3548    2.0000     0.0000 
  243    0.5645    10.0000    0.0000 
  267    0.0323    0.0000     0.0000 
  311    0.0161    0.0000     0.0000 
 Null    0.0000 

Population: S97
-----------------------------------------
Allele   Freq.     Homoz.     Null Heter.
  227    0.0234    0.0000     0.0000 
  235    0.3532    6.2102     0.7898 
  243    0.5127    15.6307    1.3693 
  247    0.0234    0.0000     0.0000 
  251    0.0178    0.2843     0.7157 
  259    0.0078    0.0000     0.0000 
  267    0.0234    0.0000     0.0000 
  319    0.0156    0.0000     0.0000 
 Null    0.0225 

Population: 332
-----------------------------------------
Allele   Freq.     Homoz.     Null Heter.
  173    0.0040    0.0000     0.0000 
  227    0.0360    0.9943     0.0057 
  235    0.3480    9.9940     0.0060 
  243    0.5679    38.9857    0.0143 
  247    0.0040    0.0000     0.0000 
  251    0.0040    0.0000     0.0000 
  259    0.0040    0.0000     0.0000 
  267    0.0200    0.0000     0.0000 
  315    0.0040    0.0000     0.0000 
  319    0.0080    0.0000     0.0000 
 Null    0.0001 


Locus: WF06
=================================
Population: 38
-----------------------------------------
Allele   Freq.     Homoz.     Null Heter.
  244    0.0800    0.0000     0.0000 
  248    0.0211    0.0536     0.9464 
  252    0.0200    0.0000     0.0000 
  256    0.3371    2.8531     3.1469 
  260    0.2929    2.6439     3.3561 
  264    0.0420    0.1016     0.8984 
  268    0.0211    0.0536     0.9464 
 Null    0.1859 

Population: 69
-----------------------------------------
Allele   Freq.     Homoz.     Null Heter.
  244    0.1057    0.2858     0.7142 
  248    0.0400    0.0000     0.0000 
  252    0.0428    0.1394     0.8606 
  256    0.3917    3.5832     2.4168 
  260    0.1629    1.1442     1.8558 
  264    0.0849    0.2431     0.7569 
  268    0.0400    0.0000     0.0000 
 Null    0.1321 

Population: 101
-----------------------------------------
Allele   Freq.     Homoz.     Null Heter.
  244    0.0667    0.1350     0.8650 
  248    0.0690    0.2780     1.7220 
  252    0.0161    0.0000     0.0000 
  256    0.3305    3.4886     4.5114 
  260    0.1329    0.2372     0.7628 
  264    0.0690    0.2780     1.7220 
  268    0.0861    0.3352     1.6648 
  272    0.0161    0.0000     0.0000 
 Null    0.2137 

Population: S97
-----------------------------------------
Allele   Freq.     Homoz.     Null Heter.
  244    0.0767    1.2697     5.7303 
  248    0.0616    0.4530     2.5470 
  252    0.0327    0.0863     0.9137 
  256    0.3468    13.5118    13.4882
  260    0.2026    3.6920     6.3080 
  264    0.0849    0.7875     3.2125 
  268    0.0215    0.0000     0.0000 
 Null    0.1731 

Population: 332
-----------------------------------------
Allele   Freq.     Homoz.     Null Heter.
  240    0.0043    0.0000     0.0000 
  244    0.0801    0.4333     1.5667 
  248    0.0497    0.4395     2.5605 
  252    0.0722    0.5982     2.4018 
  256    0.3432    11.9280    10.0720
  260    0.1864    5.8719     9.1281 
  263    0.0043    0.0000     0.0000 
  264    0.0795    1.2921     4.7079 
  268    0.0265    0.0836     0.9164 
  272    0.0044    0.0150     0.9850 
  276    0.0044    0.0150     0.9850 
 Null    0.1449 


Locus: WF12
=================================
Population: 38
-----------------------------------------
Allele   Freq.     Homoz.     Null Heter.
  256    0.2466    2.8222     0.1778 
  260    0.5341    7.7739     0.2261 
  264    0.2115    0.0000     0.0000 
 Null    0.0078 

Population: 69
-----------------------------------------
Allele   Freq.     Homoz.     Null Heter.
  256    0.2418    1.5422     0.4578 
  260    0.5672    9.7643     1.2357 
  264    0.1551    0.6836     0.3164 
 Null    0.0359 

Population: 101
-----------------------------------------
Allele   Freq.     Homoz.     Null Heter.
  256    0.2812    2.0000     0.0000 
  260    0.5312    6.0000     0.0000 
  264    0.1875    1.0000     0.0000 
 Null    0.0000 

Population: S97
-----------------------------------------
Allele   Freq.     Homoz.     Null Heter.
  256    0.3237    9.9089     0.0911 
  260    0.4993    26.8400    0.1600 
  264    0.1663    3.9297     0.0703 
  268    0.0046    0.0000     0.0000 
  280    0.0046    0.0000     0.0000 
 Null    0.0015 

Population: 332
-----------------------------------------
Allele   Freq.     Homoz.     Null Heter.
  234    0.0036    0.0000     0.0000 
  238    0.0036    0.0000     0.0000 
  256    0.3020    9.9495     1.0505 
  260    0.5037    31.0357    1.9643 
  264    0.1492    2.4717     0.5283 
  268    0.0144    0.0000     0.0000 
  272    0.0036    0.0000     0.0000 
  280    0.0040    0.1114     0.8886 
 Null    0.0159 


Locus: WF01
=================================
Population: 38
-----------------------------------------
Allele   Freq.     Homoz.     Null Heter.
  246    0.0625    0.0000     0.0000 
  258    0.1875    0.0000     0.0000 
  262    0.0625    0.0000     0.0000 
  270    0.0625    0.0000     0.0000 
  278    0.0625    0.0000     0.0000 
  286    0.2500    1.9999     0.0001 
  290    0.1875    0.0000     0.0000 
  294    0.0625    0.0000     0.0000 
  298    0.0625    0.0000     0.0000 
 Null    0.0000 

Population: 69
-----------------------------------------
Allele   Freq.     Homoz.     Null Heter.
  242    0.0500    0.0000     0.0000 
  258    0.0500    0.0000     0.0000 
  262    0.1000    0.0000     0.0000 
  266    0.1000    0.0000     0.0000 
  278    0.1000    0.0000     0.0000 
  282    0.0500    0.0000     0.0000 
  290    0.5000    2.0000     0.0000 
  294    0.0500    0.0000     0.0000 
 Null    0.0000 

Population: 101
-----------------------------------------
Allele   Freq.     Homoz.     Null Heter.
  238    0.0741    0.3333     0.6667 
  250    0.0556    0.0000     0.0000 
  254    0.0556    0.0000     0.0000 
  258    0.0556    0.0000     0.0000 
  266    0.1111    0.0000     0.0000 
  270    0.0556    0.0000     0.0000 
  286    0.2222    0.0000     0.0000 
  290    0.2963    1.3333     0.6667 
 Null    0.0741 

Population: S97
-----------------------------------------
Allele   Freq.     Homoz.     Null Heter.
  234    0.0132    0.0000     0.0000 
  238    0.0197    0.0000     0.0000 
  242    0.0269    0.0932     0.9068 
  246    0.0352    0.3556     2.6444 
  250    0.0526    0.0000     0.0000 
  254    0.0890    1.5205     4.4795 
  258    0.0461    0.0000     0.0000 
  262    0.0492    0.4740     2.5260 
  266    0.0617    0.3813     1.6187 
  270    0.1111    0.8935     2.1065 
  274    0.0538    0.1702     0.8298 
  278    0.0837    0.7264     2.2736 
  282    0.0263    0.0000     0.0000 
  286    0.0671    0.2039     0.7961 
  290    0.0471    0.1522     0.8478 
  294    0.0066    0.0000     0.0000 
  298    0.0395    0.0000     0.0000 
  302    0.0066    0.0000     0.0000 
  306    0.0336    0.1138     0.8862 
 Null    0.1310 

Population: 332
-----------------------------------------
Allele   Freq.     Homoz.     Null Heter.
  234    0.0097    0.0000     0.0000 
  238    0.0296    0.0911     0.9089 
  242    0.0254    0.2382     2.7618 
  246    0.0658    0.5471     2.4529 
  250    0.0246    0.0771     0.9229 
  254    0.0246    0.0771     0.9229 
  258    0.0649    0.3606     1.6394 
  262    0.0649    0.3606     1.6394 
  266    0.0893    1.3947     4.6053 
  270    0.0983    1.2501     3.7499 
  274    0.0758    0.6135     2.3865 
  278    0.0607    0.5124     2.4876 
  282    0.0345    0.1047     0.8953 
  286    0.0492    0.1431     0.8569 
  290    0.0768    0.8268     3.1732 
  294    0.0291    0.0000     0.0000 
  298    0.0146    0.0000     0.0000 
  302    0.0099    0.0324     0.9676 
  306    0.0049    0.0000     0.0000 
 Null    0.1474 


Locus: WF32
=================================
Population: 38
-----------------------------------------
Allele   Freq.     Homoz.     Null Heter.
  181    0.0278    0.0000     0.0000 
  209    0.0278    0.0000     0.0000 
  215    0.2041    1.3476     0.6524 
  217    0.1944    0.0000     0.0000 
  219    0.0278    0.0000     0.0000 
  221    0.1559    0.6121     0.3879 
  251    0.0278    0.0000     0.0000 
  253    0.0278    0.0000     0.0000 
  257    0.0351    0.2619     0.7381 
  259    0.0278    0.0000     0.0000 
  283    0.1111    0.0000     0.0000 
  289    0.0278    0.0000     0.0000 
  291    0.0556    0.0000     0.0000 
 Null    0.0494 

Population: 69
-----------------------------------------
Allele   Freq.     Homoz.     Null Heter.
  177    0.0312    0.0000     0.0000 
  213    0.0312    0.0000     0.0000 
  215    0.2172    0.9489     1.0511 
  217    0.1692    0.4129     0.5871 
  221    0.1363    0.3617     0.6383 
  249    0.1031    0.3001     0.6999 
  257    0.0312    0.0000     0.0000 
  259    0.0312    0.0000     0.0000 
  283    0.0625    0.0000     0.0000 
  285    0.0312    0.0000     0.0000 
  291    0.0352    0.1278     0.8722 
 Null    0.1203 

Population: 101
-----------------------------------------
Allele   Freq.     Homoz.     Null Heter.
  177    0.0172    0.0000     0.0000 
  179    0.0172    0.0000     0.0000 
  205    0.0345    0.0000     0.0000 
  207    0.0172    0.0000     0.0000 
  211    0.1207    0.0000     0.0000 
  213    0.0862    0.0000     0.0000 
  215    0.1655    0.5969     0.4031 
  217    0.1027    0.9580     1.0420 
  221    0.1655    0.5969     0.4031 
  247    0.0172    0.0000     0.0000 
  251    0.0345    0.0000     0.0000 
  253    0.0172    0.0000     0.0000 
  257    0.0172    0.0000     0.0000 
  273    0.0172    0.0000     0.0000 
  283    0.0941    0.4571     0.5429 
  293    0.0198    0.1508     0.8492 
 Null    0.0559 

Population: S97
-----------------------------------------
Allele   Freq.     Homoz.     Null Heter.
  181    0.0044    0.0000     0.0000 
  209    0.0044    0.0000     0.0000 
  211    0.0263    0.0000     0.0000 
  213    0.0580    0.2154     0.7846 
  215    0.1966    4.8217     5.1783 
  217    0.2297    9.3800     8.6200 
  219    0.0179    0.0781     0.9219 
  221    0.1162    2.4845     4.5155 
  239    0.0044    0.0000     0.0000 
  247    0.0044    0.0000     0.0000 
  249    0.0402    0.1599     0.8401 
  251    0.0499    0.3825     1.6175 
  253    0.0132    0.0000     0.0000 
  257    0.0175    0.0000     0.0000 
  283    0.0307    0.0000     0.0000 
  285    0.0219    0.0000     0.0000 
  289    0.0044    0.0000     0.0000 
  291    0.0544    0.4099     1.5901 
 Null    0.1056 

Population: 332
-----------------------------------------
Allele   Freq.     Homoz.     Null Heter.
  177    0.0073    0.0000     0.0000 
  179    0.0036    0.0000     0.0000 
  181    0.0146    0.0000     0.0000 
  207    0.0109    0.0000     0.0000 
  211    0.0109    0.0000     0.0000 
  213    0.0820    1.4728     3.5272 
  215    0.2366    9.8357     8.1643 
  217    0.2149    8.8819     8.1181 
  221    0.1476    3.4319     4.5681 
  223    0.0036    0.0000     0.0000 
  247    0.0036    0.0000     0.0000 
  249    0.0297    0.1313     0.8687 
  251    0.0328    0.0000     0.0000 
  253    0.0036    0.0000     0.0000 
  255    0.0036    0.0000     0.0000 
  283    0.0555    0.2205     0.7795 
  285    0.0073    0.0000     0.0000 
  289    0.0073    0.0000     0.0000 
  291    0.0260    0.1168     0.8832 
 Null    0.0982 



(Locus by population) table of estimated null allele frequencies
================================================================
Locus:     Populations (! names truncated to 6 characters):
           38     69     101    S97    332    
           -----------------------------------------------------
J42        0.0000 0.0000 0.0000 0.0182 0.0000 
WF22       0.0000 0.0000 0.0000 0.0175 0.0084 
PAM27      0.1056 0.0000 0.0000 0.0104 0.0161 
PAM79      0.0000 0.0000 0.0148 0.0390 0.0167 
WF27       0.0159 0.0271 0.0000 0.0249 0.0000 
WF16       0.0000 0.0144 0.0559 0.0000 0.0262 
WF33       0.0153 0.0000 0.0000 0.0000 0.0000 
WF3        0.0000 0.0000 0.0000 0.0000 0.0000 
WF517      0.0000 0.0606 0.0624 0.0225 0.0390 
WF196      0.0042 0.0000 0.0000 0.0124 0.0069 
WF223      0.0128 0.0298 0.0000 0.0146 0.0037 
WF421      0.0000 0.0000 0.0000 0.0000 0.0000 
A441       0.0000 0.0000 0.0000 0.0235 0.0000 
PAM21      0.1412 0.0180 0.0390 0.0000 0.0270 
Psy087     0.0000 0.0000 0.0000 0.0000 0.0000 
Psy022     0.0000 0.0000 0.0000 0.0225 0.0001 
WF06       0.1859 0.1321 0.2137 0.1731 0.1449 
WF12       0.0078 0.0359 0.0000 0.0015 0.0159 
WF01       0.0000 0.0000 0.0741 0.1310 0.1474 
WF32       0.0494 0.1203 0.0559 0.1056 0.0982 
================================================================


Confidence intervals for null allele frequencies
=================================================
                       Frequency   0.0250   0.9750 
Locus      Population   estimate   bound    bound
-------------------------------------------------
J42        38          0.0000     (No info for CI)
           69          0.0000     (No info for CI)
           101         0.0000     (No info for CI)
           S97         0.0182     0.0000  0.0543  
           332         0.0000     0.0000  0.0242  
WF22       38          0.0000     (No info for CI)
           69          0.0000     (No info for CI)
           101         0.0000     (No info for CI)
           S97         0.0175     0.0000  0.0501  
           332         0.0084     0.0000  0.0315  
PAM27      38          0.1056     0.0280  0.2160  
           69          0.0000     (No info for CI)
           101         0.0000     (No info for CI)
           S97         0.0104     0.0000  0.0557  
           332         0.0161     0.0000  0.0585  
PAM79      38          0.0000     (No info for CI)
           69          0.0000     (No info for CI)
           101         0.0148     0.0011  0.0813  
           S97         0.0390     0.0159  0.0770  
           332         0.0167     0.0009  0.0455  
WF27       38          0.0159     0.0000  0.0885  
           69          0.0271     0.0000  0.1043  
           101         0.0000     (No info for CI)
           S97         0.0249     0.0069  0.0596  
           332         0.0000     (No info for CI)
WF16       38          0.0000     (No info for CI)
           69          0.0144     0.0000  0.1078  
           101         0.0559     0.0000  0.1616  
           S97         0.0000     (No info for CI)
           332         0.0262     0.0068  0.0617  
WF33       38          0.0153     0.0000  0.0985  
           69          0.0000     (No info for CI)
           101         0.0000     (No info for CI)
           S97         0.0000     (No info for CI)
           332         0.0000     (No info for CI)
WF3        38          0.0000     (No info for CI)
           69          0.0000     (No info for CI)
           101         0.0000     (No info for CI)
           S97         0.0000     0.0000  0.0297  
           332         0.0000     (No info for CI)
WF517      38          0.0000     (No info for CI)
           69          0.0606     0.0106  0.1621  
           101         0.0624     0.0214  0.1524  
           S97         0.0225     0.0050  0.0567  
           332         0.0390     0.0183  0.0715  
WF196      38          0.0042     0.0000  0.1014  
           69          0.0000     (No info for CI)
           101         0.0000     (No info for CI)
           S97         0.0124     0.0000  0.0488  
           332         0.0069     0.0000  0.0396  
WF223      38          0.0128     0.0000  0.0871  
           69          0.0298     (No info for CI)
           101         0.0000     (No info for CI)
           S97         0.0146     0.0000  0.0517  
           332         0.0037     0.0000  0.0291  
WF421      38          0.0000     (No info for CI)
           69          0.0000     (No info for CI)
           101         0.0000     (No info for CI)
           S97         0.0000     (No info for CI)
           332         0.0000     (No info for CI)
A441       38          0.0000     (No info for CI)
           69          0.0000     (No info for CI)
           101         0.0000     (No info for CI)
           S97         0.0235     0.0000  0.0677  
           332         0.0000     (No info for CI)
PAM21      38          0.1412     0.0197  0.2932  
           69          0.0180     0.0000  0.1283  
           101         0.0390     0.0000  0.1598  
           S97         0.0000     0.0000  0.0522  
           332         0.0270     0.0000  0.0727  
Psy087     38          0.0000     (No info for CI)
           69          0.0000     (No info for CI)
           101         0.0000     (No info for CI)
           S97         0.0000     (No info for CI)
           332         0.0000     (No info for CI)
Psy022     38          0.0000     (No info for CI)
           69          0.0000     (No info for CI)
           101         0.0000     (No info for CI)
           S97         0.0225     (No info for CI)
           332         0.0001     0.0000  0.0687  
WF06       38          0.1859     0.0818  0.3046  
           69          0.1321     0.0388  0.2565  
           101         0.2137     0.1142  0.3498  
           S97         0.1731     0.1188  0.2325  
           332         0.1449     0.0984  0.1983  
WF12       38          0.0078     0.0000  0.1038  
           69          0.0359     0.0000  0.1724  
           101         0.0000     (No info for CI)
           S97         0.0015     0.0000  0.0578  
           332         0.0159     (No info for CI)
WF01       38          0.0000     (No info for CI)
           69          0.0000     (No info for CI)
           101         0.0741     (No info for CI)
           S97         0.1310     0.0842  0.1911  
           332         0.1474     0.1041  0.1998  
WF32       38          0.0494     0.0028  0.1815  
           69          0.1203     0.0273  0.2742  
           101         0.0559     0.0084  0.1558  
           S97         0.1056     0.0632  0.1566  
           332         0.0982     0.0584  0.1451  
=================================================

Normal ending.
