INDV L3 LH
7 -0.0288 -0.0267
9 -0.0364 -0.0281
10 0.0518 0.0813
11 -0.0263 -0.0276
12 -0.0198 -0.0193
13 0.0545 0.0324
14 -0.0374 -0.0233
15 -0.0068 -0.0049
16 -0.0074 -0.0091
17 0.0098 0.016
18 -0.0199 -0.0107
20 0.0321 0.0144
21 -0.0255 -0.0333
22 -0.0045 -0.0052
23 -0.0079 -0.0132
25 -0.0167 -0.0278
26 0.021 0.025
27 0.0446 0.0481
28 -0.0392 -0.0385
31 -0.0294 -0.0135
33 -0.0249 -0.0188
34 -0.0019 -0.0011
35 0.0147 0.0166
36 -0.0239 -0.0125
37 -0.0091 -0.0047
38 -0.031 -0.0398
39 -0.0157 -0.0284
40 0.0777 0.0974
43 0.1508 0.1474
44 -0.006 -0.0068
45 0.0254 0.0419
46 -0.0275 -0.0313
47 -0.0195 -0.0206
48 0.0019 0.0013
49 -0.0219 -0.0206
51 0.0015 0.0012
52 0.0857 0.0974
53 -0.036 -0.0444
54 -0.0321 -0.0399
55 0.0337 0.0642
56 -0.0215 -0.0231
57 0.0429 0.0333
58 0.0147 0.0288
59 -0.0178 -0.0098
60 -0.0353 -0.0199
61 -0.0391 -0.0359
62 -0.0332 -0.05
63 -0.0257 -0.021
64 -0.0219 -0.0218
65 0.0273 0.022
67 0.0051 0.0083
68 -0.0061 -0.0077
69 -0.0302 -0.0373
70 -0.009 -0.0169
71 0.0049 0.0026
72 -0.0113 -0.0169
73 -0.0301 -0.0593
74 -0.0074 -0.0048
75 -0.0199 -0.04
76 -0.0283 -0.0111
77 -0.0188 -0.0215
78 0.0067 0.0081
79 -0.0321 -0.0481
80 0.0103 0.0135
81 0.0134 0.0068
82 -0.0279 -0.0252
84 -0.036 -0.0258
85 0.0379 0.0327
86 -0.0268 -0.0414
87 0.0282 0.0152
88 -0.0253 -0.0225
89 -0.0394 -0.0311
90 -0.0247 -0.0353
91 -0.0403 -0.0603
92 0.079 0.0643
93 -0.0348 -0.0373
94 -0.0127 -0.0148
95 -0.0222 -0.029
96 0.061 0.0635
97 0.0487 0.1141
98 -0.0176 -0.0269
99 0.0163 0.0153
100 0.0575 0.0429
101 -0.0409 -0.0213
102 -0.0283 -0.0392
103 -0.0317 -0.0311
104 -0.0042 -0.0111
105 -0.0363 -0.0706
106 0.022 0.0241
107 0.0082 0.0088
108 -0.0081 -0.0056
110 0.0749 0.0779
111 -0.033 -0.0228
112 0.0425 0.0615
114 0.0288 0.0442
115 0.3633 0.2126
116 0.011 0.0084
118 0.0296 0.0581
119 -0.0208 -0.0216
120 -0.0304 -0.0258
121 6e-4 4e-4
124 0.0167 0.0098
125 0.0546 0.0663
127 0.0311 0.0486
129 0.0303 0.0507
130 -0.0355 -0.0295
131 -0.0073 -0.0079
132 0.015 0.0223
134 0.02 0.0323
135 0.2781 0.1258
136 0.0547 0.0779
137 0.1549 0.1213
140 -0.0033 -0.003
143 -0.0134 -0.0243
145 -0.0363 -0.0274
146 -0.0399 -0.0285
147 0.0262 0.0391
148 -0.0104 -0.0098
149 -0.0288 -0.0435
151 -0.0178 -0.0096
152 -0.0254 -0.0197
153 0.1128 0.1646
154 -0.0129 -0.0187
155 0.0271 0.0552
156 0.041 0.0627
157 0.03 0.0442
162 -0.0307 -0.0354
163 0.06 0.1263
164 0.0834 0.1287
165 -0.0308 -0.0479
166 -0.0102 -0.01
167 -0.0021 -0.0029
168 0.0456 0.063
169 0.0578 0.0843
170 0.1055 0.2206
171 -0.0256 -0.0308
172 -0.0152 -0.0103
176 -0.0217 -0.0341
178 0.0212 0.0116
180 -0.033 -0.0554
181 0.0322 0.0484
182 0.0626 0.118
183 0.1653 0.165
184 -0.0066 -0.0115
187 0.0046 0.0065
188 0.0565 0.0629
192 0.0577 0.0904
193 -0.0132 -0.0047
194 -0.017 -0.0317
195 -0.0165 -0.0255
196 -0.0367 -0.0625
198 5e-4 0.001
199 -0.0364 -0.0567
200 0.0126 0.0151
201 -0.0205 -0.045
202 -0.0343 -0.021
203 0.062 0.0243
204 -0.025 -0.0369
205 0.0272 0.0256
206 -0.0101 -0.0101
207 -0.0327 -0.0086
208 -0.0124 -0.0292
210 -0.0208 -0.0295
211 0.0983 0.0677
212 -0.015 -0.016
213 -0.0068 -0.0114
214 -0.0326 -0.0428
215 0.12 0.1716
217 0.1197 0.2841
218 -0.0192 -0.022
219 0.0544 0.0337
220 -0.0189 -0.0188
221 -0.008 -0.0143
222 0.0578 0.0496
223 -0.0208 -0.0185
224 -0.0201 -0.0161
225 0.0278 0.0337
226 -0.0234 -0.0427
227 0.0302 0.0427
228 -0.0194 -0.0169
229 -0.0311 -0.0437
230 -0.0364 -0.033
231 -0.017 -0.0117
232 0.0362 0.0299
233 -0.0232 -0.032
234 -0.0055 -0.0063
235 0.0135 0.0185
236 -0.0274 -0.0231
237 -0.0174 -0.0136
239 0.0241 0.0237
240 -0.0183 -0.0348
241 0.019 0.0123
242 -0.029 -0.0396
243 0.0738 0.1438
245 0.0087 0.0055
246 -0.0094 -0.0068
247 -0.0066 -0.0088
249 0.0512 0.0988
250 -0.0046 -0.0046
251 -0.0039 -0.0059
252 -0.0255 -0.011
253 -0.012 -0.0184
254 0.0194 0.0339
255 0.0385 0.0546
256 -0.0345 -0.0419
257 0.0568 0.0918
258 0.0817 0.0465
259 0.0174 0.014
260 -0.028 -0.02
261 0.0952 0.1016
262 0.0257 0.0355
263 -0.0375 -0.058
264 0.0193 0.0449
265 0.031 0.0295
266 -0.0279 -0.0317
267 0.0253 0.0319
268 0.0465 0.0504
269 0.0057 0.01
270 -0.0033 -0.0034
271 -0.0355 -0.0297
272 0.011 0.018
273 0.0052 0.0087
274 0.0711 0.0653
275 -0.0276 -0.0464
276 0.0231 0.0472
277 0.1237 0.2208
278 0.0479 0.0441
279 -0.0175 -0.0311
280 -0.0157 -0.0121
281 -0.041 -0.039
282 -0.0404 -0.021
283 0.0165 0.0307
284 0.0606 0.1103
285 -0.0081 -0.0098
286 -0.0308 -0.0432
287 -0.0409 -0.0231
288 -0.041 -0.0391
289 -0.0032 -0.0055
290 -0.0144 -0.03
291 -0.0268 -0.0217
292 0.0149 0.018
293 -3e-4 -3e-4
294 0.0018 0.0027
295 -0.0361 -0.0681
296 0.0094 0.0053
297 0.0365 0.0734
298 -0.0119 -0.0195
299 0.0354 0.0401
300 -0.0297 -0.0153
301 -0.0353 -0.0239
302 -0.0111 -0.0181
303 -0.0317 -0.0452
304 -0.0145 -0.0078
305 0.0909 0.1021
306 -0.0191 -0.0178
307 0.0326 0.0412
308 -0.0144 -0.0186
309 -0.0232 -0.0225
310 -0.0155 -0.0194
311 0.0867 0.1277
312 0.1186 0.2295
313 0.0279 0.0292
314 -0.0362 -0.0423
315 0.0823 0.1202
316 -0.0295 -0.0326
317 -0.0375 -0.0746
318 0.0127 0.0055
319 0.0098 0.0106
320 0.0343 0.035
321 -0.0113 -0.0154
322 -0.0363 -0.057
323 -0.0222 -0.0425
324 -0.0226 -0.0321
325 0.0016 0.0017
326 -0.0045 -0.0031
327 -0.0013 -0.0016
328 0.0136 0.015
329 -0.0272 -0.0151
330 -0.0268 -0.0297
331 0.0134 0.0069
332 -0.0092 -0.0151
S1 0.0342 0.0427
S100 -0.0168 -0.0125
S101 -0.0283 -0.0134
S11 0.0177 0.0244
S12 0.1361 0.0986
S13 0.0153 0.02
S14 0.0928 0.1175
S15 0.0313 0.0341
S19 0.0321 0.0164
S20 -0.0335 -0.0389
S21 -0.0094 -0.0173
S22 0.0087 0.0084
S25 0.175 0.3514
S26 0.1346 0.1696
S27 0.0148 0.0185
S28 -0.0378 -0.0241
S29 -0.0179 -0.0207
S30 -0.01 -0.0055
S31 -0.0132 -0.0202
S36 0.0274 0.0152
S38 0.1489 0.1688
S4 -0.0119 -0.0085
S40 -0.0238 -0.0339
S41 0.0083 0.0087
S42 -0.0101 -0.0145
S44 -0.014 -0.0196
S45 -0.0236 -0.0289
S46 0.2403 0.1823
S47 -0.0309 -0.0316
S51 0.0473 0.0703
S52 -0.0399 -0.0273
S53 -0.0297 -0.0344
S55 5e-4 8e-4
S58 -0.0418 -0.0682
S6 3e-4 3e-4
S60 -0.0452 -0.0388
S61 -0.0281 -0.0238
S62 -0.0101 -0.017
S64 0.0096 0.0094
S66 -0.0253 -0.0258
S67 0.1095 0.1841
S68 -0.0309 -0.0361
S69 0.0174 0.0187
S75 0.016 0.0149
S76 -0.0102 -0.0125
S79 -0.0254 -0.0358
S80 0.0201 0.0241
S82 -0.0299 -0.0116
S83 0.5228 0.4601
S85 5e-4 6e-4
S90 0.0171 0.0163
S93 -0.0029 -0.0041
S95 0.0743 0.0871
S97 -0.0177 -0.0329
