Location	J42	WF22	PAM27	PAM79	WF16	WF33	WF3	WF517	WF196	WF223	WF421	A441	PAM21	Psy087	Psy022	WF12	WF32
pop																	
Nap	131133	179215	160210	164170	236238	340352	168168	261267	243251	255267	276288	182184	0	155161	227235	260260	0
Nap	119131	239259	166166	0	0	0	166168	279291	183215	273281	288312	0	0	161161	0	0	215291
Nap	117119	191255	174178	176182	226238	272328	168168	0	0	277281	236268	186196	211221	155161	235243	256260	181217
Nap	117121	183247	160176	178216	238258	276296	0	261287	171191	263263	236292	182186	215219	155161	243243	260260	0
Nap	117117	175211	160174	176186	236262	252268	168176	247263	171207	275279	288300	182226	0	155161	243243	256264	0
Nap	109111	191259	176184	170190	238254	316320	170174	257291	159195	273289	288320	0	215215	155161	235267	260260	0
Nap	121127	231231	174182	168206	236238	276348	170170	283295	183195	245247	252300	184196	0	161163	235243	256256	221289
Nap	117125	195247	178212	188210	244258	312316	168178	279307	159215	233275	0	0	0	161163	0	260264	215283
Nap	117121	211219	160160	182210	236236	288348	162170	263283	183255	265281	268292	0	0	161161	243243	260264	217283
Nap	117131	187243	178178	178184	236236	272320	166174	277287	167187	275285	276296	0	0	156161	243335	260260	217253
Nap	117125	223235	176180	184206	238240	296340	156168	219279	187191	0	272288	0	0	163163	243243	260260	0
Nap	115117	195243	174174	168182	240258	252348	168178	279307	159215	233275	276288	0	0	161163	231243	256256	0
Nap	119125	235239	160180	178188	238260	0	0	219247	187187	267275	280292	0	0	155161	243243	256256	221221
Nap	117131	215235	176188	166198	236240	324324	168176	255303	183215	253257	284336	180188	223225	155161	243243	0	215215
Nap	111123	179227	176178	186188	236238	316352	168174	263275	183195	261267	284296	180182	219219	161161	235243	260264	209217
Nap	117121	207259	166174	142220	234238	272316	156168	243279	167167	261281	0	180184	219219	161163	235243	260260	217221
Nap	117127	179239	0	158214	238260	320320	168170	287291	195251	261271	280296	0	211217	161161	235243	256260	0
Nap	119139	255275	0	178198	236236	272316	168174	0	0	257271	276292	180180	0	161161	235243	0	0
Nap	109117	227235	166182	158194	230234	312328	168172	243275	167187	277289	280308	0	215215	156161	235235	0	217221
Nap	117131	187267	180180	180182	236238	272320	162170	251267	155187	237269	292304	0	215217	156161	235243	256264	215215
Nap	121133	227247	174174	176186	260286	280280	168176	247287	195195	271279	268284	190198	0	156161	235243	260264	215283
Nap	115119	183251	174180	156208	238250	324344	0	243283	167195	257269	292316	184188	215219	156161	0	256260	219259
Nap	127143	179223	160160	0	238260	0	168172	247261	179191	0	280292	180188	0	155161	235243	260264	0
Nap	117119	207291	160180	156204	238240	304316	0	247283	187191	255271	232276	184186	217217	155161	235243	256264	0
Nap	117117	223259	0	182188	240260	0	158162	259275	203219	241263	284356	0	217221	161161	235243	0	0
Nap	117137	163279	178184	182192	236236	316324	168168	0	0	257261	280288	184188	0	161163	243315	256260	217283
Nap	117125	163179	160160	148194	236236	296302	162174	283291	191219	259285	292300	0	215215	161161	235243	260264	221291
Nap	133135	191263	174180	154168	250260	248308	166176	261291	167215	275275	292300	0	215215	156161	235243	260260	0
Nap	119139	159231	174178	184224	238240	280360	168168	287291	163187	257269	268316	0	211211	156161	235243	260264	0
Nap	109127	211231	172176	178206	228238	268332	168192	271283	167195	261261	292300	0	0	156161	235243	260264	257257
Nap	133137	227235	174212	178190	236250	280324	168174	255267	167195	281285	292296	0	215219	161161	235243	260260	215251
pop																	
Mor	119121	199211	174174	182188	236238	296352	156168	271283	159191	251277	280292	180188	0	156161	235243	260260	215217
Mor	117125	183283	160174	148200	236250	308312	168168	275275	187187	0	0	184190	0	161161	235235	256256	215215
Mor	109143	0	160174	0	238256	0	172174	267275	191243	241263	0	188188	0	161161	0	0	221259
Mor	117119	207287	0	180182	236236	256268	166168	263271	175215	259275	268292	0	0	156161	235243	260260	283285
Mor	117117	175243	178178	180182	230240	312340	168172	215271	155243	265289	268280	178186	0	156161	0	260260	0
Mor	117129	223239	160160	180184	234238	268340	168168	247247	175195	255275	0	0	211211	155161	235243	260264	291291
Mor	117131	183199	174174	166168	240264	300332	172174	281307	167211	245285	292300	184186	213217	155161	235243	260260	0
Mor	121125	187251	162174	170212	238242	320344	168168	0	183231	265269	284300	0	213217	161161	235243	256260	217217
Mor	111117	303307	160180	166182	238240	252320	166168	283283	167183	269275	280304	0	0	155161	235243	256260	213217
Mor	143157	231259	160182	158180	238238	316380	166168	271275	171187	0	280296	0	0	161161	227243	256264	217221
Mor	117117	239243	160174	184202	236286	320328	168172	259291	187211	0	0	0	0	156161	243243	256260	0
Mor	111111	175231	160176	184194	236256	252320	168172	239295	167251	267281	280296	0	215219	156161	235247	260260	0
Mor	117133	263275	160174	158218	238250	316316	168168	247247	167207	259259	292300	0	211215	156161	243243	256260	221221
Mor	111115	219255	174176	170190	240286	316348	158164	265281	187207	265273	288292	188190	213217	156161	243267	260260	0
Mor	117143	227255	160184	156188	238250	272316	168172	247291	159231	255277	0	0	217219	156161	235235	256264	0
Mor	115123	235251	0	180184	236238	316336	162174	263263	167183	0	268292	0	211211	161161	243243	256260	0
Mor	117143	231239	178200	144172	236238	340364	168174	215251	167187	273277	292308	182188	217217	156161	235243	256264	215215
Mor	117117	215223	174178	168168	240258	300312	158170	243299	167175	259273	228296	182184	215219	161163	235243	260260	249249
Mor	117121	227247	160160	182214	240286	296328	156168	0	167175	269277	288288	188188	217225	161161	235243	260260	215217
Mor	117143	247279	174200	180188	236236	284380	168168	257261	183199	269277	280300	0	0	161163	227319	260260	249283
Mor	109117	195235	174176	154168	234238	324376	168168	243277	187211	265277	244304	182186	211217	161163	235243	260264	177221
Mor	133139	243287	170178	180198	238252	316320	166178	0	159171	261275	284296	182188	217219	161161	235243	260264	215249
Mor	117125	231251	174178	166182	234236	344360	158168	271295	159215	0	280312	182196	215219	161161	235243	260260	215257
Mor	117125	195227	174178	158206	236258	324332	168174	247279	167183	255287	280296	182184	217217	161163	235267	260260	0
Mor	117121	207243	160174	166188	256262	300340	156170	279313	167179	255275	284288	180196	217217	155161	243319	256256	0
Mor	117117	179187	0	188190	258264	272320	168174	247261	167187	267267	288296	0	211219	161161	235295	256260	0
Mor	119139	175243	160174	186188	236250	304360	168170	243261	0	281281	248292	0	0	161163	235243	0	0
Mor	111139	227251	178178	192208	234236	272316	168172	261279	167175	253269	284292	0	211211	161163	227235	264264	0
Mor	111123	187275	0	170182	238238	320340	172174	0	187215	259289	268284	180180	0	156161	235267	256260	0
Mor	117125	231263	160174	202220	236238	264272	168170	243271	167171	265269	292320	180182	215217	161161	235235	260264	0
pop																	
Jam	111117	231247	174174	166212	238260	320348	164174	281291	167171	255281	300304	0	215215	156161	235243	256256	213221
Jam	117117	207303	160210	154216	236236	292316	162168	215261	167199	245289	276284	182184	213217	163163	219227	256260	215247
Jam	117157	183203	178178	156170	236236	288300	168178	0	167195	261277	296300	182186	0	156161	235243	256264	215217
Jam	117121	223259	174174	148190	238240	276320	176178	0	187191	0	284288	180190	213217	161161	235243	256260	217283
Jam	111159	187267	160178	178210	236240	328336	156176	265275	183191	251269	296296	0	211217	155161	235267	260264	215215
Jam	115139	223231	160174	168206	234236	316328	156168	251267	167191	261269	284296	0	215215	155161	243243	260264	177215
Jam	115121	199207	174174	190226	240258	300348	174176	223245	159227	255267	308320	180188	217219	155161	235243	260260	211221
Jam	109125	199203	160180	166206	236286	284300	166170	221303	159183	269277	276292	180180	211215	155161	243243	260264	0
Jam	111117	175223	176178	144180	234234	284308	168170	267281	167211	257267	276304	180182	0	0	235243	260260	211253
Jam	109123	239259	160174	154156	234236	0	156168	247281	179195	245275	296312	0	215217	161161	243243	260264	211221
Jam	117141	223227	160174	192208	238250	272312	170170	271295	167199	237257	284292	188190	219219	155161	235243	256260	179283
Jam	133143	251259	160174	200260	238252	296324	166168	245303	179199	269281	0	178178	217219	161161	235243	256260	273283
Jam	111117	211247	174176	186202	236236	316336	166172	245251	155171	261273	292304	0	211219	161161	235243	260264	207215
Jam	111127	183243	174180	0	234250	328344	172174	0	183235	0	0	0	219219	161161	235243	256260	0
Jam	119143	175179	160174	152172	240250	288312	168170	259283	183187	259273	288304	178186	225227	156161	235243	260260	283283
Jam	117119	175191	160178	144172	238262	252280	168174	287287	171199	257279	272280	178182	213213	161161	235267	260264	205213
Jam	117141	179215	160174	178216	236260	268296	168168	221247	191195	259269	280288	184186	217219	161161	243243	256260	217217
Jam	123139	215247	160174	178182	228230	324324	168170	245297	183203	259275	276292	184188	0	161163	235243	260260	205213
Jam	117117	187235	174182	180184	0	288312	156176	265281	191219	263265	260312	186188	0	155161	243243	256260	215251
Jam	123125	195203	174206	0	236238	252256	168174	245277	159167	257293	280288	184190	215217	161161	235243	260264	211221
Jam	117139	175259	160174	182212	238240	292360	156168	271291	195199	269271	284292	188192	215217	161161	243243	256256	211221
Jam	123125	239251	174184	168182	236260	300332	0	279295	167183	255263	268292	180182	213215	161163	235243	260264	215257
Jam	125143	203203	152164	170214	242286	320332	166168	275281	167215	261269	292300	182190	0	161163	235243	264264	217251
Jam	117137	227251	162174	172208	252260	276320	172184	251275	167191	257267	296304	0	211219	155161	243243	256260	293325
Jam	143147	239279	174174	158188	238238	316352	168174	265295	191215	257275	284292	180188	217217	155161	235243	256260	211221
Jam	137139	255263	0	150154	236238	280352	168168	245253	187195	255281	0	0	0	161161	243243	256260	215283
Jam	119147	171239	160178	168168	236242	308316	168174	247281	159203	257269	288296	186186	0	155161	0	260260	211221
Jam	117117	179183	160178	0	238238	296340	156168	283283	167195	245279	268284	0	215219	161163	235235	260260	217217
Jam	117133	227235	160160	166178	238240	308344	168178	287317	191215	267275	284304	0	217219	161161	235235	256260	213215
Jam	109111	243315	160160	174180	236238	268308	174174	251283	171251	0	280288	182184	215215	157161	243243	256260	0
Jam	125143	207275	174176	150166	236236	320324	168178	267267	167219	251261	320332	180186	211217	156161	243243	260264	221221
Jam	125143	207275	0	182194	250264	288324	168174	253317	175191	237279	268292	180186	215217	161163	235311	256260	213221
pop																	
Shin	117137	183247	174174	154216	244260	288344	168170	251275	167243	261273	292296	184188	211219	156161	235243	260260	251283
Shin	111117	215227	174178	182208	234236	300340	172174	247279	187191	257267	296300	182182	211217	161161	235235	260260	215215
Shin	117135	183187	174178	202204	236238	284364	158168	245281	191195	259259	284288	194196	217219	155161	243243	256260	215291
Shin	141143	179231	176178	144182	234236	300336	166168	241291	191195	255265	284308	180188	217219	161161	243243	256260	217285
Shin	131133	207267	166174	182186	230234	300328	174194	261267	187215	257283	288328	180186	215219	155161	235243	256260	217217
Shin	117117	211319	160160	184186	238238	312312	168168	263287	183195	255257	300308	178182	211215	161161	243243	256260	211215
Shin	117117	211259	174176	180190	240256	280320	164176	245295	187187	261285	280296	182186	211217	161161	235243	256260	213213
Shin	117139	195195	160174	182212	236236	280344	166170	215275	167243	259267	252280	184192	213219	161161	235235	256260	217217
Shin	117117	231255	156176	154184	234258	316324	156174	279287	187215	251275	280292	178184	215217	161161	243243	256260	213215
Shin	119119	187271	160174	168220	236236	340352	168168	243263	187215	255269	280296	188190	213219	161161	243243	256260	221221
Shin	117139	243243	174178	156186	236236	300328	158168	261287	159215	255271	284308	184188	211211	161161	235243	260260	221289
Shin	119125	247247	160188	164220	234236	252276	168168	0	191211	257275	284300	184188	211215	161163	235243	260264	215217
Shin	117117	191247	160174	180208	236236	272328	168178	215275	191207	0	272288	182188	211215	161161	243335	256260	291291
Shin	115115	195227	174174	188190	236238	328340	162168	263263	167195	257269	272280	180188	217219	161163	0	256260	291291
Shin	121133	0	174182	180208	234236	320340	158162	215251	187195	251273	276288	184194	219219	161161	235243	256260	221253
Shin	125133	179183	166166	154198	236256	316352	166168	259289	171191	269277	288300	180186	211211	156161	0	256260	251251
Shin	125139	203259	160174	180222	236240	320356	172174	263263	167191	241267	272308	182188	213219	161161	0	260260	211291
Shin	117117	247251	174174	180186	238238	296296	166168	263263	159203	255265	288296	186196	215215	161161	0	256260	251251
Shin	117121	235255	160174	144144	236238	312324	170174	217251	187223	259269	280308	180188	211211	161163	0	260260	217221
Shin	123137	195263	176182	180192	240250	256320	168176	271289	0	269275	304312	188190	211215	161161	251259	264264	215215
Shin	115133	183191	0	186208	234236	312328	162172	283301	159167	269277	280280	182226	217217	161161	235243	256264	213217
Shin	119145	231247	174176	166166	254258	264280	162176	265279	203203	269285	288292	180180	211211	157161	0	260260	211249
Shin	119139	187187	174174	150156	236286	300356	158168	263275	159195	267269	288300	184188	215219	161161	0	256264	215221
Shin	117147	195223	162174	144182	236240	288328	158168	259279	167187	265329	288292	178196	211215	161163	0	256260	215249
Shin	109135	183195	160174	182182	236260	312340	156174	247301	179211	275279	276304	182184	211211	161161	0	260260	217251
Shin	119125	207283	152164	168170	236240	320332	168174	251263	163195	237257	0	188188	211215	156161	235243	260264	217249
Shin	117119	191207	174178	180188	236250	252320	166176	257271	187187	269275	284292	188188	213225	156161	235243	260264	217291
Shin	117125	183215	174176	180216	264280	272320	156168	283301	187195	269277	268292	182182	215217	161161	235243	256260	221291
Shin	119127	179247	174176	164216	236238	316364	168168	263299	167191	271277	268292	180186	211213	161161	0	260264	215249
Shin	117139	179247	176176	144154	238250	268324	168168	271305	167187	261269	276300	182188	0	156161	227235	256260	251291
Shin	113117	243247	176178	166210	236238	316316	172174	247263	187243	285285	280304	188190	211213	161161	235243	256260	217217
Shin	117143	191231	160166	170184	236238	332348	168178	0	159171	255273	268280	180182	219219	155161	227235	256260	217217
pop																	
Mt	115153	195243	162164	192208	0	320336	162162	255291	163199	245283	280292	182188	211217	156161	243319	256260	217217
Mt	117137	219267	160166	184208	238240	320360	166168	247279	195223	261289	280292	180188	215217	161161	243243	260264	215283
Mt	121121	227251	174180	172182	240286	280340	168170	247275	167199	261289	284300	188190	213215	156161	235243	256260	0
Mt	111137	183243	160160	160182	236236	320348	164172	215219	167183	261261	284292	182184	217219	156161	235267	256260	217283
Mt	117121	171179	158174	194260	238258	320384	164166	243283	159179	265273	284312	176196	217217	156161	235243	256256	215215
Mt	117117	227231	176178	178182	236242	280328	156168	245271	159167	259267	288300	178188	217217	156161	235235	256260	215291
Mt	117119	227255	166182	154178	234236	320340	0	261269	187195	269275	280284	182188	211219	161161	235243	256260	217221
Mt	125143	231247	160206	178214	238260	340364	168172	255283	167183	265275	272320	186196	193217	156161	235235	256260	181283
Mt	117121	231243	166174	182216	236250	288300	166168	239281	191191	261265	280292	184190	217221	161161	235243	260260	215291
Mt	139148	155259	178202	202240	236236	284296	168174	247255	163223	267281	276292	186190	209227	155161	235243	256260	217251
Mt	109123	211243	160188	178180	236238	268336	168168	279283	191211	263281	236288	182190	211211	155161	235243	260260	211283
Mt	117161	235263	174180	178216	236238	340348	170174	291291	187243	259269	292332	182182	213217	161161	243243	256256	217217
Mt	119133	207223	174176	180182	238258	264340	168172	271299	167199	267269	280292	188188	213219	161161	235235	260264	217217
Mt	117119	251267	178188	172184	234238	316328	168174	235275	187187	259259	288304	178186	213217	161161	243243	260264	211217
Mt	125139	171259	160174	168190	236240	248320	168172	235275	167191	277289	284292	180190	211217	156161	243243	256260	177217
Mt	119121	247263	160178	158220	236238	248308	156166	287287	167187	257279	292296	182190	211225	156161	235243	256260	215215
Mt	117137	199243	160208	144180	236250	260272	156170	247255	167167	255269	280296	186190	211219	161161	235243	260260	177251
Mt	139143	183183	174178	206212	236236	248360	162174	271283	171195	257269	280296	188192	215217	163165	235243	260260	221221
Mt	111121	183223	174210	148184	224238	268296	156170	245299	159195	259269	280304	184188	211213	156161	243267	260264	249249
Mt	125125	255259	178182	150168	236260	252320	172178	247283	167171	277281	256288	184188	215217	156161	235243	256260	217251
Mt	121125	223227	174188	190208	238240	252328	166178	291291	159191	261281	292304	182188	211219	156161	243243	256264	213213
Mt	117119	223271	174178	174184	240258	340340	162164	247247	191235	269297	280280	180184	211215	161161	235243	256260	221221
Mt	129139	195247	176178	148158	236236	280328	168172	247291	183199	261273	276280	180182	217219	156161	243243	260264	217217
Mt	119125	251267	174188	210220	234236	284292	166168	251263	167191	253285	280296	190196	219229	156161	227235	256264	215291
Mt	119135	183255	166174	156210	234238	320328	168172	219263	159183	259263	272296	180182	219219	156161	243243	260260	221221
Mt	111111	195251	166178	174192	234240	340352	168168	251295	175199	265281	268296	180188	211215	155161	235243	260260	215217
Mt	117117	227255	160174	182182	272286	276336	168168	247283	199247	269275	248260	182182	211215	156161	243243	260264	213221
Mt	115131	159215	160160	182208	234250	280348	168168	287289	191247	267285	260292	182232	217217	155161	235243	256264	249291
Mt	117143	207267	176178	148178	236250	272316	168172	247283	167187	255263	280292	178186	213219	161161	235243	256260	213221
Mt	117147	207247	166174	186188	238240	288316	168168	219287	183199	245271	280296	182190	211211	156161	0	264264	215217
Mt	109121	219263	178180	178188	236238	276316	166168	281281	159195	255261	292300	182196	211211	161161	235243	260260	221223
Mt	109135	239267	160174	182184	230238	280344	170178	245277	167195	261269	260284	188190	213215	156161	243243	0	215221
Mt	135139	215247	160162	158220	0	280284	164174	221263	159167	269271	280320	178182	211215	157161	227235	256260	215251
Mt	119143	175191	174176	182190	234260	264360	162178	243287	171195	0	288296	186226	211211	156161	235235	256256	283283