Location J42 WF22 PAM27 PAM79 WF27 WF16 WF33 WF3 WF517 WF196 WF223 WF421 A441 PAM21 Psy087 Psy022 WF06 WF12 WF01 WF32
pop																				
Nap	131133	179215	160210	164170	333345	236238	340352	168168	261267	243251	255267	276288	182184	0	155161	227235	260260	260260	0	0
Nap	119131	239259	166166	0	277365	0	0	166168	279291	183215	273281	288312	0	0	161161	0	0	0	0	215291
Nap	117119	191255	174178	176182	265321	226238	272328	168168	0	0	277281	236268	186196	211221	155161	235243	256260	256260	0	181217
Nap	117121	183247	160176	178216	269289	238258	276296	0	261287	171191	263263	236292	182186	215219	155161	243243	260260	260260	0	0
Nap	117117	175211	160174	176186	245261	236262	252268	168176	247263	171207	275279	288300	182226	0	155161	243243	0	256264	270290	0
Nap	109111	191259	176184	170190	309313	238254	316320	170174	257291	159195	273289	288320	0	215215	155161	235267	260260	260260	0	0
Nap	121127	231231	174182	168206	269341	236238	276348	170170	283295	183195	245247	252300	184196	0	161163	235243	256256	256256	286286	221289
Nap	117125	195247	178212	188210	305309	244258	312316	168178	279307	159215	233275	0	0	0	161163	0	252256	260264	246290	215283
Nap	117121	211219	160160	182210	269341	236236	288348	162170	263283	183255	265281	268292	0	0	161161	243243	256256	260264	0	217283
Nap	117131	187243	178178	178184	265313	236236	272320	166174	277287	167187	275285	276296	0	0	156161	243335	256260	260260	0	217253
Nap	117125	223235	176180	184206	289333	238240	296340	156168	219279	187191	0	272288	0	0	163163	243243	260260	260260	258290	0
Nap	115117	195243	174174	168182	245341	240258	252348	168178	279307	159215	233275	276288	0	0	161163	231243	0	256256	0	0
Nap	119125	235239	160180	178188	257269	238260	0	0	219247	187187	267275	280292	0	0	155161	243243	256264	256256	0	221221
Nap	117131	215235	176188	166198	317317	236240	324324	168176	255303	183215	253257	284336	180188	223225	155161	243243	256256	0	0	215215
Nap	111123	179227	176178	186188	309337	236238	316352	168174	263275	183195	261267	284296	180182	219219	161161	235243	256260	260264	0	209217
Nap	117121	207259	166174	142220	265309	234238	272316	156168	243279	167167	261281	0	180184	219219	161163	235243	244256	260260	0	217221
Nap	117127	179239	0	158214	297313	238260	320320	168170	287291	195251	261271	280296	0	211217	161161	235243	256256	256260	258262	0
Nap	119139	255275	0	178198	333357	236236	272316	168174	0	0	257271	276292	180180	0	161161	235243	0	0	0	0
Nap	109117	227235	166182	158194	305321	230234	312328	168172	243275	167187	277289	280308	0	215215	156161	235235	268268	0	294298	217221
Nap	117131	187267	180180	180182	265313	236238	272320	162170	251267	155187	237269	292304	0	215217	156161	235243	264264	256264	0	215215
Nap	121133	227247	174174	176186	265273	260286	280280	168176	247287	195195	271279	268284	190198	0	156161	235243	260260	260264	286286	215283
Nap	115119	183251	174180	156208	317337	238250	324344	0	243283	167195	257269	292316	184188	215219	156161	0	256260	256260	0	219259
Nap	127143	179223	160160	0	269269	238260	0	168172	247261	179191	0	280292	180188	0	155161	235243	256256	260264	0	0
Nap	117119	207291	160180	156204	297309	238240	304316	0	247283	187191	255271	232276	184186	217217	155161	235243	244256	256264	0	0
Nap	117117	223259	0	182188	301301	240260	0	158162	259275	203219	241263	284356	0	217221	161161	235243	0	0	258278	0
Nap	117137	163279	178184	182192	309317	236236	316324	168168	0	0	257261	280288	184188	0	161163	243315	244260	256260	0	217283
Nap	117125	163179	160160	148194	289297	236236	296302	162174	283291	191219	259285	292300	0	215215	161161	235243	260260	260264	0	221291
Nap	133135	191263	174180	154168	245301	250260	248308	166176	261291	167215	275275	292300	0	215215	156161	235243	256256	260260	0	0
Nap	119139	159231	174178	184224	273353	238240	280360	168168	287291	163187	257269	268316	0	211211	156161	235243	248248	260264	0	0
Nap	109127	211231	172176	178206	261325	228238	268332	168192	271283	167195	261261	292300	0	0	156161	235243	244260	260264	0	257257
Nap	133137	227235	174212	178190	273317	236250	280324	168174	255267	167195	281285	292296	0	215219	161161	235243	0	260260	0	215251
pop																				
Mor	119121	199211	174174	182188	289345	236238	296352	156168	271283	159191	251277	280292	180188	0	156161	235243	260260	260260	290290	215217
Mor	117125	183283	160174	148200	301305	236250	308312	168168	275275	187187	0	0	184190	0	161161	235235	256256	256256	0	215215
Mor	109143	0	160174	0	309357	238256	0	172174	267275	191243	241263	0	188188	0	161161	0	0	0	0	221259
Mor	117119	207287	0	180182	261261	236236	256268	166168	263271	175215	259275	268292	0	0	156161	235243	244268	260260	0	283285
Mor	117117	175243	178178	180182	305333	230240	312340	168172	215271	155243	265289	268280	178186	0	156161	0	244256	260260	266294	0
Mor	117129	223239	160160	180184	261333	234238	268340	168168	247247	175195	255275	0	0	211211	155161	235243	256264	260264	0	291291
Mor	117131	183199	174174	166168	297325	240264	300332	172174	281307	167211	245285	292300	184186	213217	155161	235243	248256	260260	0	0
Mor	121125	187251	162174	170212	313337	238242	320344	168168	0	183231	265269	284300	0	213217	161161	235243	256256	256260	0	217217
Mor	111117	303307	160180	166182	245313	238240	252320	166168	283283	167183	269275	280304	0	0	155161	235243	264264	256260	0	213217
Mor	143157	231259	160182	158180	309373	238238	316380	166168	271275	171187	0	280296	0	0	161161	227243	256256	256264	0	217221
Mor	117117	239243	160174	184202	313321	236286	320328	168172	259291	187211	0	0	0	0	156161	243243	244244	256260	262290	0
Mor	111111	175231	160176	184194	245313	236256	252320	168172	239295	167251	267281	280296	0	215219	156161	235247	256260	260260	0	0
Mor	117133	263275	160174	158218	297309	238250	316316	168168	247247	167207	259259	292300	0	211215	156161	243243	0	256260	0	221221
Mor	111115	219255	174176	170190	309341	240286	316348	158164	265281	187207	265273	288292	188190	213217	156161	243267	260260	260260	266290	0
Mor	117143	227255	160184	156188	265309	238250	272316	168172	247291	159231	255277	0	0	217219	156161	235235	260260	256264	278290	0
Mor	115123	235251	0	180184	309329	236238	316336	162174	263263	167183	0	268292	0	211211	161161	243243	0	256260	262290	0
Mor	117143	231239	178200	144172	333357	236238	340364	168174	215251	167187	273277	292308	182188	217217	156161	235243	0	256264	0	215215
Mor	117117	215223	174178	168168	293309	240258	300312	158170	243299	167175	259273	228296	182184	215219	161163	235243	248260	260260	0	249249
Mor	117121	227247	160160	182214	289321	240286	296328	156168	0	167175	269277	288288	188188	217225	161161	235243	252256	260260	0	215217
Mor	117143	247279	174200	180188	277373	236236	284380	168168	257261	183199	269277	280300	0	0	161163	227319	244260	260260	0	249283
Mor	109117	195235	174176	154168	317369	234238	324376	168168	243277	187211	265277	244304	182186	211217	161163	235243	252252	260264	242258	177221
Mor	133139	243287	170178	180198	309313	238252	316320	166178	0	159171	261275	284296	182188	217219	161161	235243	0	260264	290290	215249
Mor	117125	231251	174178	166182	353353	234236	344360	158168	271295	159215	0	280312	182196	215219	161161	235243	256256	260260	0	215257
Mor	117125	195227	174178	158206	325325	236258	324332	168174	247279	167183	255287	280296	182184	217217	161163	235267	256264	260260	278290	0
Mor	117121	207243	160174	166188	293333	256262	300340	156170	279313	167179	255275	284288	180196	217217	155161	243319	256256	256256	0	0
Mor	117117	179187	0	188190	265313	258264	272320	168174	247261	167187	267267	288296	0	211219	161161	235295	244256	256260	282290	0
Mor	119139	175243	160174	186188	301353	236250	304360	168170	243261	0	281281	248292	0	0	161163	235243	256268	0	0	0
Mor	111139	227251	178178	192208	265309	234236	272316	168172	261279	167175	253269	284292	0	211211	161163	227235	256256	264264	0	0
Mor	111123	187275	0	170182	313333	238238	320340	172174	0	187215	259289	268284	180180	0	156161	235267	256260	256260	0	0
Mor	117125	231263	160174	202220	261265	236238	264272	168170	243271	167171	265269	292320	180182	215217	161161	235235	256264	260264	0	0
pop																				
Jam	111117	231247	174174	166212	313341	238260	320348	164174	281291	167171	255281	300304	0	215215	156161	235243	0	256256	0	213221
Jam	117117	207303	160210	154216	285309	236236	292316	162168	215261	167199	245289	276284	182184	213217	163163	219227	256260	256260	0	215247
Jam	117157	183203	178178	156170	289293	236236	288300	168178	0	167195	261277	296300	182186	0	156161	235243	256256	256264	0	215217
Jam	117121	223259	174174	148190	269313	238240	276320	176178	0	187191	0	284288	180190	213217	161161	235243	256256	256260	0	217283
Jam	111159	187267	160178	178210	321329	236240	328336	156176	265275	183191	251269	296296	0	211217	155161	235267	260268	260264	0	215215
Jam	115139	223231	160174	168206	309321	234236	316328	156168	251267	167191	261269	284296	0	215215	155161	243243	264264	260264	266286	177215
Jam	115121	199207	174174	190226	289341	240258	300348	174176	223245	159227	255267	308320	180188	217219	155161	235243	260260	260260	0	211221
Jam	109125	199203	160180	166206	277293	236286	284300	166170	221303	159183	269277	276292	180180	211215	155161	243243	252268	260264	0	0
Jam	111117	175223	176178	144180	277301	234234	284308	168170	267281	167211	257267	276304	180182	0	0	235243	256260	260260	238238	211253
Jam	109123	239259	160174	154156	277329	234236	0	156168	247281	179195	245275	296312	0	215217	161161	243243	244256	260264	0	211221
Jam	117141	223227	160174	192208	265305	238250	272312	170170	271295	167199	237257	284292	188190	219219	155161	235243	256256	256260	0	179283
Jam	133143	251259	160174	200260	289317	238252	296324	166168	245303	179199	269281	0	178178	217219	161161	235243	256256	256260	0	273283
Jam	111117	211247	174176	186202	309329	236236	316336	166172	245251	155171	261273	292304	0	211219	161161	235243	264264	260264	0	207215
Jam	111127	183243	174180	0	321337	234250	328344	172174	0	183235	0	0	0	219219	161161	235243	244248	256260	250286	0
Jam	119143	175179	160174	152172	281305	240250	288312	168170	259283	183187	259273	288304	178186	225227	156161	235243	264272	260260	0	283283
Jam	117119	175191	160178	144172	245273	238262	252280	168174	287287	171199	257279	272280	178182	213213	161161	235267	256260	260264	266286	205213
Jam	117141	179215	160174	178216	261289	236260	268296	168168	221247	191195	259269	280288	184186	217219	161161	243243	244256	256260	258286	217217
Jam	123139	215247	160174	178182	317317	228230	324324	168170	245297	183203	259275	276292	184188	0	161163	235243	256256	260260	0	205213
Jam	117117	187235	174182	180184	281305	0	288312	156176	265281	191219	263265	260312	186188	0	155161	243243	256256	256260	290290	215251
Jam	123125	195203	174206	0	245249	236238	252256	168174	245277	159167	257293	280288	184190	215217	161161	235243	248248	260264	290290	211221
Jam	117139	175259	160174	182212	285353	238240	292360	156168	271291	195199	269271	284292	188192	215217	161161	243243	288288	256256	0	211221
Jam	123125	239251	174184	168182	293325	236260	300332	0	279295	167183	255263	268292	180182	213215	161163	235243	256264	260264	0	215257
Jam	125143	203203	152164	170214	313325	242286	320332	166168	275281	167215	261269	292300	182190	0	161163	235243	256256	264264	0	217251
Jam	117137	227251	162174	172208	269313	252260	276320	172184	251275	167191	257267	296304	0	211219	155161	243243	256260	256260	0	293325
Jam	143147	239279	174174	158188	309345	238238	316352	168174	265295	191215	257275	284292	180188	217217	155161	235243	256260	256260	0	211221
Jam	137139	255263	0	150154	277345	236238	280352	168168	245253	187195	255281	0	0	0	161161	243243	256260	256260	254290	215283
Jam	119147	171239	160178	168168	301309	236242	308316	168174	247281	159203	257269	288296	186186	0	155161	0	244244	260260	0	211221
Jam	117117	179183	160178	0	289333	238238	296340	156168	283283	167195	245279	268284	0	215219	161163	235235	256256	260260	0	217217
Jam	117133	227235	160160	166178	301337	238240	308344	168178	287317	191215	267275	284304	0	217219	161161	235235	248248	256260	0	213215
Jam	109111	243315	160160	174180	261301	236238	268308	174174	251283	171251	0	280288	182184	215215	157161	243243	268268	256260	0	0
Jam	125143	207275	174176	150166	313317	236236	320324	168178	267267	167219	251261	320332	180186	211217	156161	243243	268268	260264	270290	221221
Jam	125143	207275	0	182194	313317	250264	288324	168174	253317	175191	237279	268292	180186	215217	161163	235311	248268	256260	0	213221
pop																				
Shin	117137	183247	174174	154216	281337	244260	288344	168170	251275	167243	261273	292296	184188	211219	156161	235243	256256	260260	250286	251283
Shin	117131	247255	174182	174182	269317	234250	288324	158168	243271	159223	245257	284288	188200	0	155161	243247	256260	256260	0	249249
Shin	117135	183187	174178	202204	265277	236238	284364	158168	245281	191195	259259	284288	194196	217219	155161	243243	256260	256260	0	215291
Shin	117117	247251	176182	176178	333337	236250	340344	168168	259285	167187	261289	0	182194	215215	155161	243243	264264	256260	278290	213251
Shin	141143	179231	176178	144182	293329	234236	300336	166168	241291	191195	255265	284308	180188	217219	161161	243243	252252	256260	0	217285
Shin	117147	179319	178182	170206	265285	238242	268292	168172	253263	167191	0	296296	180182	0	161161	235235	256256	264264	290306	215217
Shin	117145	0	166174	178204	309333	238252	316340	168168	263275	223251	245277	0	182182	217219	155161	235243	248260	256260	270278	219219
Shin	131133	207267	166174	182186	297321	230234	300328	174194	261267	187215	257283	288328	180186	215219	155161	235243	256256	256260	270290	217217
Shin	117117	0	160160	174214	285325	230234	292332	168178	279287	191195	231245	252280	184186	219219	161161	235243	244256	260260	0	215283
Shin	117157	259315	160180	182198	245277	236236	252284	168188	261271	191191	0	272304	188188	211215	161163	235243	256256	256260	0	217217
Shin	117117	211319	160160	184186	0	238238	312312	168168	263287	183195	255257	300308	178182	211215	161161	243243	256256	256260	0	211215
Shin	143147	191247	160178	154188	301345	238264	308352	168170	247275	183191	263275	300300	182184	217217	161161	0	256256	264264	274274	215217
Shin	117119	207215	160174	158190	265325	236258	268332	168176	243245	167167	273273	272280	180182	0	161161	243247	248248	260264	0	215217
Shin	109115	207211	176188	180188	309313	236238	304316	168168	245313	187223	0	0	184188	211211	161163	243243	256260	264268	258270	215215
Shin	111125	227247	160160	170210	321325	236236	328332	162168	245249	171187	0	296296	0	211215	161161	235243	256256	260260	250282	217221
Shin	117117	211259	174176	180190	273313	240256	280320	164176	245295	187187	261285	280296	182186	211217	161161	235243	256256	256260	266266	213213
Shin	117139	195195	160174	182212	273337	236236	280344	166170	215275	167243	259267	252280	184192	213219	161161	235235	256256	256260	0	217217
Shin	117157	191199	172174	188204	305337	236240	312344	168172	275279	163167	259279	0	182182	217219	161161	243243	244244	260260	0	217217
Shin	139157	243303	162174	178214	289313	228240	296320	168176	243287	187195	265293	288296	184200	209211	161161	0	256256	256260	290290	213215
Shin	127131	247287	160176	162186	305325	236252	312332	168174	271281	159231	253273	296300	180188	215219	156161	0	260260	260264	270290	221291
Shin	109117	231231	160184	154212	297325	238260	304332	168168	221259	183191	255261	284296	182188	0	161161	235243	256260	256256	0	215283
Shin	117117	231255	156176	154184	309317	234258	316324	156174	279287	187215	251275	280292	178184	215217	161161	243243	248256	256260	242258	213215
Shin	117131	179187	174174	154186	245317	238238	252324	168168	243247	171195	263265	252284	186190	0	0	243247	260260	256264	246246	215217
Shin	119119	187271	160174	168220	333345	236236	340352	168168	243263	187215	255269	280296	188190	213219	161161	243243	256260	256260	246246	221221
Shin	117139	243243	174178	156186	293321	236236	300328	158168	261287	159215	255271	284308	184188	211211	161161	235243	244244	260260	246250	221289
Shin	117123	247251	0	178190	277289	246250	284296	164172	215261	179199	259277	0	184188	215217	156161	243243	260264	260260	266278	215221
Shin	109111	183223	174174	156156	309325	236236	316332	156166	243299	159251	237261	0	182182	211219	156161	235235	244244	260260	270282	215249
Shin	119125	247247	160188	164220	245269	234236	252276	168168	0	191211	257275	284300	184188	211215	161163	235243	0	260264	286290	215217
Shin	117117	191247	160174	180208	265321	236236	272328	168178	215275	191207	0	272288	182188	211215	161161	243335	260260	256260	0	291291
Shin	115115	195227	174174	188190	321333	236238	328340	162168	263263	167195	257269	272280	180188	217219	161163	0	252260	256260	266274	291291
Shin	121133	0	174182	180208	313333	234236	320340	158162	215251	187195	251273	276288	184194	219219	161161	235243	244260	256260	0	221253
pop																				
Mt	127131	239247	166180	170186	305333	236264	312340	168172	267299	167183	257269	284304	182184	215217	156161	243243	244256	256260	274290	0
Mt	117127	215235	180180	170214	0	240252	296324	162166	275287	159243	255267	236292	178190	217219	156161	243243	256264	256260	0	0
Mt	125143	231247	160206	178214	333357	238260	340364	168172	255283	167183	265275	272320	186196	193217	156161	235235	252256	256260	274282	181283
Mt	117137	171267	174174	154180	297337	240264	344344	168198	273283	167251	255293	236288	182184	217217	156161	0	0	260264	258282	249251
Mt	115119	227239	174176	168180	265277	236238	272284	168168	0	183187	263277	300316	182186	0	156161	243243	260260	260260	246294	283285
Mt	117131	251271	160174	144198	297309	236238	304316	158168	261291	199199	261281	0	194196	215215	161161	227243	0	260260	0	207215
Mt	117121	231243	166174	182216	0	236250	288300	166168	239281	191191	261265	280292	184190	217221	161161	235243	256256	260260	0	215291
Mt	139148	155259	178202	202240	277289	236236	284296	168174	247255	163223	267281	276292	186190	209227	155161	235243	244244	256260	0	217251
Mt	109123	211243	160188	178180	261329	236238	268336	168168	279283	191211	263281	236288	182190	211211	155161	235243	252252	260260	0	211283
Mt	117125	239247	160174	206222	261309	252254	268316	168168	215243	175191	267271	276288	0	211219	161163	235267	248260	256256	0	217217
Mt	117131	179195	174174	148180	269341	250260	276348	168168	247295	171187	0	0	182196	215215	161161	235243	256256	256260	0	221283
Mt	117147	235243	160166	182184	313321	234238	320328	158168	265283	183243	267275	0	184194	211219	161161	235243	244256	260260	0	0
Mt	117161	235263	174180	178216	333341	236238	340348	170174	291291	187243	259269	292332	182182	213217	161161	243243	244256	256256	282306	217217
Mt	117121	251315	160164	182208	293317	236238	300324	168168	263299	191211	269277	292296	188188	213217	155161	243243	256256	260268	0	0
Mt	119133	207223	174176	180182	257333	238258	264340	168172	271299	167199	267269	280292	188188	213219	161161	235235	244248	260264	270270	217217
Mt	115119	227259	160212	186186	269349	236260	276356	166168	263265	175183	0	0	182188	217217	156161	243243	244263	260260	266266	0
Mt	111125	247295	180182	150188	309321	238238	316328	168176	251281	159223	255263	284316	186188	215225	161163	227235	256260	256264	0	215215
Mt	117147	251259	174178	190216	245325	238258	252332	158162	303317	183227	255279	280296	180188	211211	161163	235335	256264	260264	262266	217217
Mt	115133	179227	160176	188194	289305	238250	300312	162162	261291	179187	261273	272292	186192	211211	157161	235243	260264	256260	254266	217217
Mt	121125	183223	176178	154208	297341	236238	304348	168174	287291	183203	255275	0	180182	219219	156161	243243	264264	256260	246246	215217
Mt	117119	251267	178188	172184	313321	234238	316328	168174	235275	187187	259259	288304	178186	213217	161161	243243	244260	260264	0	211217
Mt	129137	227239	160180	178182	261321	230236	268328	168176	243247	167203	267285	0	182188	215219	161161	0	0	260260	250290	213215
Mt	125139	171259	160174	168190	245313	236240	248320	168172	235275	167191	277289	284292	180190	211217	156161	243243	256264	256260	270270	177217
Mt	117117	207239	160204	180218	289321	250260	296328	168168	247279	167199	257275	0	180200	217219	156161	235243	248256	256260	274302	215215
Mt	117125	215235	178178	170216	313317	236238	332340	162174	243303	195195	267281	244296	178184	215217	161165	0	256260	256260	262262	213213
Mt	109143	159231	174174	182220	0	0	320360	168168	245287	187195	255269	272276	180182	213219	161161	235243	256260	260264	258290	217221
Mt	109111	187235	0	188212	0	234246	320320	168172	215247	167179	263277	288292	184186	213219	156161	243247	256256	256264	246286	215215
Mt	119121	247263	160178	158220	245301	236238	248308	156166	287287	167187	257279	292296	182190	211225	156161	235243	256256	256260	274278	215215
Mt	117137	175239	160174	158172	261325	226238	268332	166172	265287	183187	255279	0	180182	211215	156161	243243	272272	256256	274274	213289
Mt	117137	199243	160208	144180	253265	236250	260272	156170	247255	167167	255269	280296	186190	211219	161161	235243	256264	260260	246274	177251
Mt	139143	183183	174178	206212	245353	236236	248360	162174	271283	171195	257269	280296	188192	215217	163165	235243	256264	260260	270286	221221
Mt	111117	191231	160180	156170	0	236258	0	158168	243283	191199	263269	292312	180188	219219	156161	235243	252252	260264	242270	215215